1200	123.93611
1200.1362	121.55794
1200.2725	122.02825
1200.4086	122.06532
1200.5448	120.88986
1200.681	118.98054
1200.8173	116.91373
1200.9534	115.25317
1201.0896	115.50014
1201.2258	115.99242
1201.3621	118.40327
1201.4982	122.9291
1201.6344	127.73799
1201.7706	132.78375
1201.9069	135.81848
1202.0431	138.50935
1202.1792	137.18044
1202.3154	131.97609
1202.4517	126.70867
1202.5879	125.80473
1202.724	127.84552
1202.8602	129.70757
1202.9965	129.60567
1203.1327	129.53688
1203.2689	129.69037
1203.405	129.9783
1203.5413	129.35641
1203.6775	128.37146
1203.8137	126.31887
1203.9498	124.90359
1204.0861	123.67918
1204.2223	122.39801
1204.3585	124.04714
1204.4946	125.82455
1204.6309	128.69281
1204.7671	127.54674
1204.9033	126.00347
1205.0396	125.43592
1205.1757	124.4964
1205.3119	123.34534
1205.4481	121.66713
1205.5844	121.4768
1205.7205	121.62986
1205.8567	120.22258
1205.9929	118.5672
1206.1292	117.05975
1206.2654	118.2253
1206.4015	120.51722
1206.5377	122.76918
1206.674	123.82311
1206.8102	125.45808
1206.9463	127.09034
1207.0825	127.88512
1207.2188	127.12299
1207.355	126.52026
1207.4911	127.6377
1207.6273	127.39114
1207.7635	126.50712
1207.8998	124.96152
1208.036	127.35863
1208.1721	130.08815
1208.3083	132.39937
1208.4446	132.3116
1208.5808	131.89397
1208.7169	129.84482
1208.8531	131.51213
1208.9894	134.35593
1209.1256	140.30212
1209.2618	142.03587
1209.3979	142.97374
1209.5342	143.15012
1209.6704	142.95306
1209.8066	142.18515
1209.9427	141.65486
1210.079	143.3783
1210.2152	145.41049
1210.3514	146.67238
1210.4875	146.6304
1210.6238	146.62468
1210.76	145.81973
1210.8962	142.7747
1211.0325	139.80786
1211.1686	137.75429
1211.3048	140.98289
1211.441	144.70129
1211.5773	149.1694
1211.7134	150.79649
1211.8496	151.739
1211.9858	150.40309
1212.1221	143.89145
1212.2583	136.44028
1212.3944	131.20639
1212.5306	133.20593
1212.6669	136.49561
1212.8031	138.70267
1212.9392	135.90868
1213.0754	132.55966
1213.2117	129.29941
1213.3479	131.57426
1213.484	134.36899
1213.6202	137.73553
1213.7565	138.33121
1213.8927	138.42279
1214.0289	138.35391
1214.165	135.37521
1214.3013	131.9232
1214.4375	128.72281
1214.5737	129.79573
1214.7098	131.91106
1214.8461	131.62515
1214.9823	128.29845
1215.1185	124.38921
1215.2546	123.04911
1215.3909	123.7696
1215.5271	125.27948
1215.6633	127.23359
1215.7996	130.91452
1215.9357	134.1691
1216.0719	135.99352
1216.2081	134.57964
1216.3444	132.77023
1216.4805	131.453
1216.6167	128.31076
1216.7529	124.67298
1216.8892	122.23554
1217.0254	123.15926
1217.1615	124.89121
1217.2977	125.39918
1217.434	129.06413
1217.5702	133.19836
1217.7063	136.09738
1217.8425	131.69301
1217.9788	125.35907
1218.115	120.7075
1218.2511	122.43481
1218.3873	126.39229
1218.5236	130.20984
1218.6598	133.15608
1218.796	135.55475
1218.9321	138.26071
1219.0684	139.49782
1219.2046	139.91647
1219.3408	140.58008
1219.4769	140.71758
1219.6132	140.80721
1219.7494	139.59163
1219.8856	136.66458
1220.0219	133.58229
1220.158	131.45984
1220.2942	132.92944
1220.4304	135.08168
1220.5667	137.59514
1220.7028	138.04076
1220.839	137.93098
1220.9752	137.11972
1221.1115	137.85582
1221.2476	139.39296
1221.3838	140.56993
1221.52	138.85556
1221.6563	136.51178
1221.7925	134.16806
1221.9286	132.90471
1222.0648	130.53229
1222.201	129.54866
1222.3373	130.87204
1222.4734	133.58157
1222.6096	135.45432
1222.7458	133.93892
1222.8821	131.85687
1223.0183	129.22008
1223.1544	130.3084
1223.2906	132.69353
1223.4269	136.52074
1223.5631	139.15912
1223.6992	140.40631
1223.8354	140.11534
1223.9717	137.12221
1224.1079	132.61838
1224.244	128.66754
1224.3802	127.91576
1224.5165	128.87177
1224.6527	129.97424
1224.7889	131.88409
1224.925	134.99814
1225.0613	138.50859
1225.1975	141.84624
1225.3337	143.64554
1225.4698	145.76056
1225.6061	144.56708
1225.7423	143.39316
1225.8785	141.23265
1226.0148	136.76764
1226.1509	131.32915
1226.2871	126.26526
1226.4233	128.67062
1226.5596	133.35721
1226.6957	138.3835
1226.8319	141.09451
1226.9681	143.11842
1227.1044	145.095
1227.2405	145.48032
1227.3767	143.83531
1227.5129	141.28853
1227.6492	139.56635
1227.7854	140.17403
1227.9215	140.76782
1228.0577	139.37245
1228.194	136.22049
1228.3302	134.68762
1228.4663	136.11578
1228.6025	138.15146
1228.7388	138.92924
1228.875	138.56381
1229.0111	138.36252
1229.1473	138.7287
1229.2836	137.96661
1229.4198	137.44504
1229.556	137.4843
1229.6921	141.19875
1229.8284	145.41972
1229.9646	148.88597
1230.1008	150.45256
1230.2369	150.47128
1230.3732	150.60451
1230.5094	149.4489
1230.6456	147.5106
1230.7819	145.58461
1230.918	143.6033
1231.0542	143.36928
1231.1904	142.38206
1231.3267	140.35141
1231.4628	138.34322
1231.599	136.67134
1231.7352	136.56873
1231.8715	136.47314
1232.0076	136.48778
1232.1438	137.06168
1232.28	136.86121
1232.4163	136.4339
1232.5525	136.33087
1232.6886	137.87709
1232.8248	140.06412
1232.9611	144.45119
1233.0973	148.18912
1233.2334	151.70088
1233.3696	151.13818
1233.5059	148.76161
1233.6421	146.53072
1233.7783	145.97469
1233.9144	145.73712
1234.0507	145.06421
1234.1869	144.41048
1234.3231	145.6424
1234.4592	146.71577
1234.5955	146.52579
1234.7317	144.41936
1234.8679	142.88786
1235.004	140.48395
1235.1403	138.1292
1235.2765	135.72151
1235.4127	134.60431
1235.549	134.71797
1235.6851	134.14044
1235.8213	137.19769
1235.9575	141.98541
1236.0938	147.44443
1236.2299	147.83818
1236.3661	145.16681
1236.5023	142.53989
1236.6385	141.23958
1236.7748	140.40718
1236.9109	139.45566
1237.0471	140.19606
1237.1833	142.39778
1237.3196	145.70332
1237.4557	149.32668
1237.5919	152.05797
1237.7281	153.13321
1237.8644	154.173
1238.0005	155.50516
1238.1367	156.62508
1238.2729	154.5808
1238.4092	152.22391
1238.5454	149.4951
1238.6815	149.64064
1238.8177	148.47919
1238.954	149.67174
1239.0902	149.35118
1239.2263	148.91788
1239.3625	147.14316
1239.4988	147.02788
1239.635	149.21964
1239.7712	151.1774
1239.9073	151.48381
1240.0436	150.52684
1240.1798	149.87007
1240.316	149.8118
1240.4521	148.57417
1240.5884	147.5
1240.7246	148.41336
1240.8608	151.86789
1240.9969	155.11911
1241.1332	158.49171
1241.2694	160.95512
1241.4056	162.60042
1241.5419	162.70088
1241.678	161.07823
1241.8142	160.58466
1241.9504	157.2002
1242.0867	152.45782
1242.2228	147.70882
1242.359	145.47591
1242.4952	146.05652
1242.6315	145.4325
1242.7676	142.48834
1242.9038	137.23676
1243.04	132.46036
1243.1763	129.44618
1243.3125	129.10202
1243.4486	129.52657
1243.5848	135.61212
1243.7211	143.46716
1243.8573	150.93668
1243.9934	153.80214
1244.1296	153.48158
1244.2659	153.03055
1244.4021	149.38321
1244.5383	146.02435
1244.6744	143.29793
1244.8107	144.32437
1244.9469	145.24588
1245.0831	144.97345
1245.2192	144.01596
1245.3555	144.1427
1245.4917	145.04297
1245.6279	146.93831
1245.764	146.72574
1245.9003	146.3775
1246.0365	144.36678
1246.1727	143.59738
1246.309	142.28339
1246.4451	142.6629
1246.5813	146.16803
1246.7175	149.93576
1246.8538	153.34511
1246.9899	153.56685
1247.1261	154.17824
1247.2623	153.69075
1247.3986	151.82384
1247.5348	149.87556
1247.6709	148.07758
1247.8071	147.17088
1247.9434	145.74097
1248.0796	144.56352
1248.2157	144.64236
1248.3519	145.30197
1248.4882	146.98238
1248.6244	148.53191
1248.7605	149.57854
1248.8967	149.73671
1249.033	150.27603
1249.1692	151.01987
1249.3054	152.52229
1249.4415	154.27786
1249.5778	156.47192
1249.714	157.3468
1249.8502	155.52734
1249.9863	152.86844
1250.1226	152.19337
1250.2588	154.50458
1250.395	157.24107
1250.5313	159.3848
1250.6674	160.26572
1250.8036	161.02327
1250.9398	161.92476
1251.076	164.41266
1251.2122	167.50339
1251.3484	170.57591
1251.4846	171.58322
1251.6208	171.64252
1251.757	169.03748
1251.8932	163.9866
1252.0294	159.08241
1252.1656	157.68701
1252.3019	160.06487
1252.438	162.76228
1252.5742	164.99522
1252.7104	166.72981
1252.8467	168.5314
1252.9828	169.06694
1253.119	169.72345
1253.2552	170.22075
1253.3915	170.10863
1253.5277	171.16212
1253.6638	171.87509
1253.8	173.62425
1253.9363	171.41032
1254.0725	169.26521
1254.2086	165.17566
1254.3448	160.34959
1254.4811	155.77679
1254.6173	154.14923
1254.7534	156.05954
1254.8896	158.40002
1255.0259	158.34804
1255.1621	156.16171
1255.2983	153.24388
1255.4344	153.29428
1255.5707	158.16258
1255.7069	163.61838
1255.8431	168.65331
1255.9792	171.02634
1256.1155	173.1973
1256.2517	173.50104
1256.3879	170.70157
1256.524	168.13303
1256.6603	165.46063
1256.7965	164.62411
1256.9327	162.79163
1257.069	160.08485
1257.2051	158.9467
1257.3413	159.07404
1257.4775	161.92728
1257.6138	163.99495
1257.7499	165.9493
1257.8861	168.3683
1258.0223	170.84225
1258.1586	172.36612
1258.2948	171.01241
1258.4309	169.97119
1258.5671	169.65373
1258.7034	168.42525
1258.8396	163.34737
1258.9757	158.30136
1259.1119	156.34673
1259.2482	156.94188
1259.3844	157.14464
1259.5205	157.69066
1259.6567	161.68135
1259.793	165.58861
1259.9292	166.01416
1260.0654	161.29765
1260.2015	156.81682
1260.3378	155.59015
1260.474	158.83789
1260.6102	162.18753
1260.7463	165.00833
1260.8826	165.91382
1261.0188	167.00955
1261.155	168.0437
1261.2913	169.49313
1261.4274	170.82957
1261.5636	171.58858
1261.6998	171.11739
1261.8361	170.54665
1261.9722	168.9693
1262.1084	167.09479
1262.2446	165.23521
1262.3809	166.12254
1262.517	168.87312
1262.6532	171.64168
1262.7894	171.88495
1262.9257	169.91533
1263.0619	168.21266
1263.198	168.22696
1263.3342	170.47643
1263.4705	172.32851
1263.6067	171.85719
1263.7428	170.44449
1263.879	168.78464
1264.0153	167.83493
1264.1515	166.32463
1264.2877	165.12997
1264.4238	166.33327
1264.5601	168.30008
1264.6963	170.37552
1264.8325	171.66269
1264.9686	172.57562
1265.1049	173.66951
1265.2411	171.43648
1265.3773	170.24928
1265.5134	168.89041
1265.6497	171.07729
1265.7859	172.72214
1265.9221	174.22223
1266.0583	174.54845
1266.1945	172.13795
1266.3307	169.5988
1266.4669	167.46202
1266.6031	167.86432
1266.7393	168.0867
1266.8755	167.6497
1267.0117	169.94684
1267.1479	173.36789
1267.2842	177.30345
1267.4203	178.41859
1267.5565	178.66519
1267.6927	179.92155
1267.829	180.68864
1267.9651	181.40584
1268.1013	180.39633
1268.2375	177.40633
1268.3738	174.14604
1268.5099	172.20442
1268.6461	175.04955
1268.7823	178.76761
1268.9186	182.26631
1269.0548	184.30945
1269.1909	185.79207
1269.3271	187.68369
1269.4634	188.02376
1269.5996	188.07071
1269.7357	186.08646
1269.8719	185.41187
1270.0082	184.79315
1270.1444	184.95847
1270.2805	183.17656
1270.4167	181.37024
1270.553	181.02556
1270.6892	180.27007
1270.8254	179.65146
1270.9615	177.17873
1271.0978	178.01778
1271.234	179.16475
1271.3702	181.52406
1271.5063	180.58711
1271.6426	179.88768
1271.7788	180.26221
1271.915	185.08151
1272.0513	189.56142
1272.1874	193.27872
1272.3236	193.0199
1272.4598	192.21103
1272.5961	190.75572
1272.7322	192.06541
1272.8684	193.72363
1273.0046	194.08324
1273.1409	192.10446
1273.277	189.8999
1273.4132	187.6989
1273.5494	182.98015
1273.6857	178.45432
1273.8219	174.50308
1273.958	175.09471
1274.0942	175.99379
1274.2305	177.70821
1274.3667	177.58992
1274.5028	176.84956
1274.639	175.99829
1274.7753	179.06618
1274.9115	183.06296
1275.0477	189.66774
1275.1838	195.30574
1275.3201	200.57202
1275.4563	202.13345
1275.5925	200.00034
1275.7286	197.5984
1275.8649	196.72108
1276.0011	196.0092
1276.1373	194.84666
1276.2734	192.15282
1276.4097	189.36803
1276.5459	186.87756
1276.6821	184.81093
1276.8184	184.25763
1276.9545	183.91721
1277.0907	183.90202
1277.2269	182.85129
1277.3632	181.67726
1277.4993	180.85899
1277.6355	180.45558
1277.7717	180.12946
1277.908	180.11227
1278.0442	183.74971
1278.1803	187.66878
1278.3165	191.04666
1278.4528	191.62721
1278.589	191.89557
1278.7251	192.71118
1278.8613	191.8703
1278.9976	191.20784
1279.1338	191.94832
1279.2699	194.22824
1279.4061	196.83212
1279.5424	199.80928
1279.6786	201.68915
1279.8148	202.50612
1279.9509	200.89418
1280.0872	202.5683
1280.2234	204.55717
1280.3596	206.18729
1280.4957	203.94695
1280.632	202.05898
1280.7682	200.78539
1280.9044	201.96582
1281.0406	203.27982
1281.1768	205.37416
1281.313	201.75795
1281.4492	197.42645
1281.5854	193.36661
1281.7216	195.12781
1281.8578	197.49077
1281.994	198.7635
1282.1302	198.83374
1282.2664	198.82533
1282.4026	199.17561
1282.5388	201.39877
1282.675	203.25249
1282.8113	206.34875
1282.9474	210.85777
1283.0836	216.04324
1283.2198	220.93698
1283.3561	222.2179
1283.4922	222.65393
1283.6284	221.81093
1283.7646	219.4117
1283.9009	216.8286
1284.037	213.58348
1284.1732	209.31503
1284.3094	205.23051
1284.4457	202.1091
1284.5819	202.17253
1284.718	202.33553
1284.8542	201.908
1284.9905	198.20486
1285.1267	193.92419
1285.2628	189.01138
1285.399	188.59895
1285.5353	188.96242
1285.6715	191.66745
1285.8077	196.95773
1285.9438	202.52585
1286.0801	207.18068
1286.2163	209.58696
1286.3525	211.41876
1286.4886	212.7334
1286.6249	210.12408
1286.7611	207.28764
1286.8973	205.91234
1287.0334	206.7429
1287.1697	207.52931
1287.3059	207.38634
1287.4421	207.6601
1287.5784	207.84079
1287.7145	208.15771
1287.8507	208.25986
1287.9869	208.27881
1288.1232	207.09311
1288.2593	207.86034
1288.3955	208.72255
1288.5317	210.7021
1288.668	212.12871
1288.8042	213.69762
1288.9403	214.83031
1289.0765	212.81522
1289.2128	210.70418
1289.349	210.44545
1289.4851	210.92039
1289.6213	210.76945
1289.7576	208.59451
1289.8938	207.99623
1290.0299	207.83212
1290.1661	207.64586
1290.3024	207.42015
1290.4386	207.6572
1290.5748	208.93156
1290.7109	210.19345
1290.8472	211.10426
1290.9834	211.73827
1291.1196	212.82623
1291.2557	213.33278
1291.392	212.98883
1291.5282	211.78876
1291.6644	211.28644
1291.8007	212.4267
1291.9368	216.04562
1292.073	219.53961
1292.2092	222.66383
1292.3455	225.65205
1292.4816	228.48366
1292.6178	231.03026
1292.754	231.68184
1292.8903	231.93008
1293.0264	230.32828
1293.1626	229.89972
1293.2988	230.32162
1293.4351	233.30084
1293.5713	231.63483
1293.7074	228.73857
1293.8436	225.03339
1293.9799	225.79778
1294.1161	226.99254
1294.2522	227.33141
1294.3884	227.8246
1294.5247	228.50374
1294.6609	231.04726
1294.797	231.37114
1294.9332	230.81181
1295.0695	230.09825
1295.2057	231.19682
1295.3419	233.4825
1295.478	234.74655
1295.6143	239.39282
1295.7505	244.03625
1295.8867	248.85225
1296.0228	247.97647
1296.1591	245.86961
1296.2953	242.00685
1296.4315	236.42693
1296.5677	231.26537
1296.7039	227.53545
1296.8401	228.76112
1296.9763	230.7258
1297.1125	232.66364
1297.2487	232.36491
1297.3849	231.47691
1297.5211	230.83267
1297.6573	235.47813
1297.7935	240.71841
1297.9297	247.65987
1298.0659	251.93645
1298.2021	256.15302
1298.3384	257.65021
1298.4745	253.89833
1298.6107	249.30951
1298.7469	245.38077
1298.8832	243.06834
1299.0193	240.6122
1299.1555	237.01633
1299.2917	235.03639
1299.428	233.81175
1299.5642	234.4379
1299.7003	235.27222
1299.8365	236.14867
1299.9728	237.60651
1300.109	240.7377
1300.2451	243.87709
1300.3813	245.12621
1300.5176	244.55159
1300.6538	244.09857
1300.7899	244.86914
1300.9261	241.29341
1301.0624	236.55968
1301.1986	232.22923
1301.3348	234.17331
1301.4709	236.8902
1301.6072	238.66512
1301.7434	243.09956
1301.8796	248.31139
1302.0157	253.26456
1302.152	252.38332
1302.2882	250.51848
1302.4244	248.68672
1302.5607	249.34654
1302.6968	250.54045
1302.833	251.78491
1302.9692	251.78642
1303.1055	251.64772
1303.2416	253.76973
1303.3778	255.67853
1303.514	256.68719
1303.6503	257.22849
1303.7864	259.26349
1303.9226	261.75836
1304.0588	262.07449
1304.1951	260.85468
1304.3313	259.18362
1304.4674	258.5405
1304.6036	259.16415
1304.7399	260.40756
1304.8761	262.55325
1305.0122	264.72809
1305.1484	267.03046
1305.2847	268.70471
1305.4209	268.9863
1305.5571	269.09662
1305.6932	268.87125
1305.8295	268.95908
1305.9657	268.94962
1306.1019	269.59943
1306.238	272.48465
1306.3743	275.09573
1306.5105	278.82245
1306.6467	280.20026
1306.7828	281.43353
1306.9191	280.78677
1307.0553	278.76889
1307.1915	276.82831
1307.3278	273.59369
1307.4639	273.06531
1307.6001	273.45544
1307.7363	277.09949
1307.8726	280.21515
1308.0087	281.77185
1308.1449	281.85767
1308.2811	280.14944
1308.4174	278.04898
1308.5535	275.67557
1308.6897	275.32803
1308.8259	275.56839
1308.9622	274.97556
1309.0984	273.11923
1309.2345	272.65002
1309.3707	273.38544
1309.507	277.99811
1309.6432	281.56094
1309.7793	287.18198
1309.9155	289.27213
1310.0518	291.6387
1310.188	292.33841
1310.3242	290.84009
1310.4603	288.33829
1310.5966	285.02151
1310.7328	286.89902
1310.869	290.50131
1311.0051	294.8754
1311.1414	297.2117
1311.2776	298.77554
1311.4138	300.48618
1311.5499	302.31628
1311.6862	303.81567
1311.8224	304.8801
1311.9586	305.29742
1312.0948	306.29028
1312.231	306.11603
1312.3672	303.09
1312.5034	298.68219
1312.6396	296.71213
1312.7758	299.51678
1312.912	303.73627
1313.0482	306.65747
1313.1844	308.88513
1313.3207	310.9248
1313.4568	312.90186
1313.593	313.57333
1313.7292	313.94983
1313.8655	314.94748
1314.0016	319.46509
1314.1378	324.41309
1314.274	329.4736
1314.4103	330.33261
1314.5464	329.45474
1314.6826	327.92627
1314.8188	326.57889
1314.9551	326.25912
1315.0913	325.49084
1315.2274	324.69189
1315.3636	324.16971
1315.4999	323.42535
1315.6361	320.22736
1315.7722	316.87576
1315.9084	313.57928
1316.0447	313.61505
1316.1809	313.58032
1316.3171	314.53738
1316.4532	317.67648
1316.5895	320.97592
1316.7257	323.9118
1316.8619	326.35715
1316.998	329.51599
1317.1343	333.48492
1317.2705	336.9613
1317.4067	340.18582
1317.5428	342.34402
1317.6791	341.25113
1317.8153	338.9364
1317.9515	336.93222
1318.0878	336.85376
1318.2239	337.59714
1318.3601	338.10608
1318.4963	339.88525
1318.6326	341.71539
1318.7687	342.45682
1318.9049	341.64807
1319.0411	340.38583
1319.1774	340.67426
1319.3136	341.0715
1319.4497	342.07822
1319.5859	343.00211
1319.7222	346.30817
1319.8584	348.73511
1319.9945	350.81778
1320.1307	353.10654
1320.267	356.09729
1320.4032	358.84756
1320.5393	359.12323
1320.6755	359.39905
1320.8118	360.85388
1320.948	362.19424
1321.0842	363.54398
1321.2203	364.55234
1321.3566	366.40167
1321.4928	368.61349
1321.629	371.50983
1321.7651	373.94727
1321.9014	375.39926
1322.0376	374.88565
1322.1738	376.15958
1322.3099	377.32294
1322.4462	379.02164
1322.5824	379.55579
1322.7186	381.26556
1322.8549	382.47705
1322.991	385.65036
1323.1272	388.14954
1323.2634	392.41083
1323.3997	389.96893
1323.5358	385.89572
1323.672	380.68256
1323.8082	380.29221
1323.9445	382.2402
1324.0807	384.84836
1324.2168	389.0062
1324.353	392.48514
1324.4893	396.17462
1324.6255	399.58627
1324.7616	402.89563
1324.8978	406.13354
1325.0341	410.65674
1325.1703	415.38141
1325.3064	419.23615
1325.4426	422.11282
1325.5789	424.36368
1325.7151	425.52109
1325.8513	423.39182
1325.9874	420.75864
1326.1237	418.73196
1326.2599	415.63547
1326.3961	412.81931
1326.5322	410.38373
1326.6685	413.42834
1326.8047	417.75751
1326.9409	421.65277
1327.0771	420.74521
1327.2133	417.46732
1327.3495	415.26126
1327.4857	416.1358
1327.6219	418.85587
1327.7581	421.97519
1327.8943	429.15948
1328.0305	436.90332
1328.1667	443.86902
1328.3029	446.01059
1328.4391	447.01489
1328.5753	447.01691
1328.7115	444.8512
1328.8478	442.05716
1328.9839	441.03311
1329.1201	442.65384
1329.2563	444.30487
1329.3926	445.29733
1329.5287	449.2533
1329.6649	454.54126
1329.8011	459.19058
1329.9374	462.27164
1330.0736	464.24472
1330.2097	466.43228
1330.3459	468.3826
1330.4822	470.66791
1330.6184	472.45395
1330.7545	474.28485
1330.8907	476.5867
1331.027	479.34381
1331.1632	481.29822
1331.2993	482.25211
1331.4355	484.22684
1331.5718	483.97745
1331.708	483.03326
1331.8442	481.2576
1331.9803	482.78497
1332.1166	485.02615
1332.2528	486.88983
1332.389	488.26636
1332.5251	489.80103
1332.6614	492.86554
1332.7976	495.03046
1332.9338	496.68387
1333.0701	497.62927
1333.2062	499.30804
1333.3424	501.58505
1333.4786	502.89395
1333.6149	505.94351
1333.751	509.88913
1333.8872	515.0498
1334.0234	518.36218
1334.1597	520.82214
1334.2958	523.12347
1334.432	528.42188
1334.5682	533.20679
1334.7045	538.04187
1334.8407	541.89618
1334.9768	545.33978
1335.113	547.97754
1335.2493	551.00073
1335.3855	555.60809
1335.5216	561.61713
1335.6578	564.48218
1335.7941	565.38025
1335.9303	565.21234
1336.0664	566.61115
1336.2026	568.88971
1336.3389	570.55621
1336.4751	573.70972
1336.6113	576.76404
1336.7474	581.15295
1336.8837	584.36737
1337.0199	586.22943
1337.1561	588.32672
1337.2922	590.41638
1337.4285	594.31317
1337.5647	597.93976
1337.7009	604.87097
1337.8372	612.16071
1337.9733	618.49506
1338.1095	622.4809
1338.2457	624.57629
1338.382	626.9483
1338.5181	622.89203
1338.6543	617.65381
1338.7905	612.83679
1338.9268	615.03363
1339.0629	619.19128
1339.1991	622.87012
1339.3353	624.21417
1339.4716	625.5932
1339.6078	626.51569
1339.7439	632.23749
1339.8801	638.00464
1340.0164	646.57935
1340.1526	653.89459
1340.2887	660.83936
1340.4249	665.39569
1340.5612	662.47607
1340.6974	657.75568
1340.8336	652.85883
1340.9697	651.62061
1341.106	652.11194
1341.2422	652.17413
1341.3784	655.58221
1341.5145	659.55603
1341.6508	665.62415
1341.787	670.26056
1341.9232	674.81293
1342.0593	679.40479
1342.1956	686.15918
1342.3318	693.12122
1342.468	698.04529
1342.6042	699.85529
1342.7404	700.58148
1342.8766	702.60468
1343.0128	699.98315
1343.149	695.9621
1343.2852	693.20343
1343.4214	696.76624
1343.5576	701.80566
1343.6938	705.34167
1343.8301	711.37634
1343.9662	718.03729
1344.1024	722.74164
1344.2386	717.18628
1344.3749	707.74426
1344.511	699.85699
1344.6472	698.85925
1344.7834	701.44879
1344.9197	704.89557
1345.0558	708.92029
1345.192	713.14172
1345.3282	718.15137
1345.4645	724.81537
1345.6007	731.89343
1345.7368	740.32782
1345.873	749.99469
1346.0093	759.39276
1346.1455	767.21613
1346.2816	772.2901
1346.4178	775.85669
1346.5541	778.27057
1346.6903	777.83435
1346.8265	776.97522
1346.9626	775.99133
1347.0989	772.04608
1347.2351	766.87866
1347.3713	762.97565
1347.5074	766.23749
1347.6437	772.95734
1347.7799	779.7677
1347.9161	786.83862
1348.0522	794.28784
1348.1885	800.41315
1348.3247	801.45831
1348.4609	798.58301
1348.5972	797.88397
1348.7333	800.10437
1348.8695	803.98145
1349.0057	806.56573
1349.142	806.15723
1349.2781	804.81824
1349.4143	802.16077
1349.5505	800.88239
1349.6868	800.90454
1349.8229	803.513
1349.9591	808.00879
1350.0953	812.31128
1350.2316	816.77631
1350.3678	822.50519
1350.5039	827.87701
1350.6401	832.0946
1350.7764	835.44745
1350.9126	838.44788
1351.0487	838.02936
1351.1849	825.01166
1351.3212	808.92371
1351.4574	794.32092
1351.5936	785.29401
1351.7297	776.26074
1351.866	771.35229
1352.0022	779.8465
1352.1384	795.49066
1352.2745	808.00806
1352.4108	803.18781
1352.547	790.66351
1352.6832	781.51019
1352.8193	793.75134
1352.9556	814.31177
1353.0918	836.39618
1353.228	858.46814
1353.3643	880.25409
1353.5004	896.50372
1353.6366	891.74121
1353.7728	878.5556
1353.9091	865.38391
1354.0452	860.33167
1354.1814	859.47882
1354.3176	861.37927
1354.4539	870.24774
1354.5901	880.54187
1354.7262	891.99561
1354.8624	899.23267
1354.9987	905.54468
1355.1349	909.32941
1355.271	914.42444
1355.4072	919.49713
1355.5435	926.29517
1355.6797	931.5506
1355.8158	936.74066
1355.952	937.15851
1356.0883	922.91705
1356.2245	902.76031
1356.3607	886.90021
1356.4968	887.64978
1356.6331	893.3161
1356.7693	901.69556
1356.9055	920.64374
1357.0416	944.77637
1357.1779	963.25146
1357.3141	957.48737
1357.4503	943.38214
1357.5865	926.79242
1357.7227	907.65326
1357.8589	886.85046
1357.9951	868.57294
1358.1313	857.8576
1358.2675	850.16882
1358.4037	842.29565
1358.5399	831.04547
1358.6761	817.62146
1358.8123	802.80945
1358.9485	787.25067
1359.0847	772.10999
1359.2209	766.58337
1359.3572	795.37817
1359.4933	836.22406
1359.6295	880.62085
1359.7657	929.99695
1359.902	983.05914
1360.0381	1031.3494
1360.1743	1065.5471
1360.3105	1092.4497
1360.4468	1113.1661
1360.583	1113.0557
1360.7191	1105.5129
1360.8553	1091.1504
1360.9916	1056.6261
1361.1278	1014.5813
1361.2639	974.39697
1361.4001	941.7204
1361.5364	911.32593
1361.6726	888.9151
1361.8087	890.91077
1361.9449	901.98254
1362.0812	915.6886
1362.2174	940.62628
1362.3536	969.54358
1362.4897	1002.3688
1362.626	1042.269
1362.7622	1086.41
1362.8984	1127.0845
1363.0345	1155.0372
1363.1708	1176.9996
1363.307	1191.9573
1363.4432	1186.8081
1363.5793	1173.91
1363.7156	1162.7183
1363.8518	1154.2034
1363.988	1146.257
1364.1243	1132.5901
1364.2604	1105.739
1364.3966	1074.3428
1364.5328	1047.4717
1364.6691	1037.9153
1364.8052	1035.3629
1364.9414	1032.9037
1365.0776	1031.1711
1365.2139	1027.9203
1365.3501	1031.5702
1365.4862	1051.1654
1365.6224	1076.6364
1365.7587	1105.0978
1365.8949	1145.2285
1366.031	1191.0558
1366.1672	1230.1366
1366.3035	1241.7889
1366.4397	1243.2534
1366.5758	1240.0835
1366.712	1231.7024
1366.8483	1219.3623
1366.9845	1212.2361
1367.1207	1219.4738
1367.2568	1233.3621
1367.3931	1240.2832
1367.5293	1221.6217
1367.6655	1192.1871
1367.8016	1166.8561
1367.9379	1160.6594
1368.0741	1161.6984
1368.2103	1168.2729
1368.3466	1186.8063
1368.4827	1210.0178
1368.6189	1227.275
1368.7551	1228.9867
1368.8914	1225.541
1369.0275	1226.3846
1369.1637	1240.6952
1369.2999	1258.733
1369.4362	1278.9866
1369.5723	1304.6005
1369.7085	1331.8737
1369.8447	1356.0891
1369.981	1370.4192
1370.1172	1381.1102
1370.2533	1392.4275
1370.3895	1409.7294
1370.5258	1428.9753
1370.662	1446.0712
1370.7981	1452.5369
1370.9343	1455.2869
1371.0706	1456.7013
1371.2068	1449.6738
1371.343	1439.3068
1371.4791	1427.7201
1371.6154	1418.8464
1371.7516	1410.5116
1371.8878	1407.6816
1372.0239	1424.1346
1372.1602	1446.2008
1372.2964	1465.2089
1372.4326	1469.5302
1372.5687	1469.67
1372.705	1469.679
1372.8412	1475.08
1372.9774	1481.6243
1373.1136	1487.2737
1373.2498	1483.5486
1373.386	1477.2845
1373.5222	1467.5222
1373.6584	1445.8566
1373.7946	1419.0385
1373.9308	1401.396
1374.067	1419.9933
1374.2032	1450.9991
1374.3395	1484.2721
1374.4756	1521.0154
1374.6118	1558.5066
1374.748	1587.2793
1374.8843	1582.6431
1375.0204	1567.2076
1375.1566	1541.7565
1375.2928	1491.4714
1375.4291	1432.0187
1375.5652	1385.6182
1375.7014	1387.5885
1375.8376	1405.4221
1375.9739	1433.5254
1376.1101	1482.6512
1376.2462	1538.6572
1376.3824	1585.9514
1376.5187	1603.5234
1376.6549	1611.2615
1376.791	1602.444
1376.9272	1547.2949
1377.0635	1477.1832
1377.1997	1401.4454
1377.3358	1318.7274
1377.472	1232.8882
1377.6083	1172.6938
1377.7445	1184.176
1377.8807	1218.3208
1378.0168	1264.2655
1378.1531	1342.3595
1378.2893	1430.3417
1378.4255	1505.8162
1378.5616	1541.0164
1378.6979	1563.8036
1378.8341	1567.2235
1378.9703	1506.416
1379.1066	1425.0875
1379.2427	1337.9548
1379.3789	1249.6024
1379.5151	1159.7517
1379.6514	1098.3184
1379.7875	1128.0804
1379.9237	1186.4178
1380.0599	1251.4507
1380.1962	1321.1437
1380.3323	1392.6505
1380.4685	1454.394
1380.6047	1487.8289
1380.741	1512.1509
1380.8772	1539.7415
1381.0133	1579.9359
1381.1495	1623.7657
1381.2858	1657.3682
1381.422	1649.6652
1381.5581	1630.2305
1381.6943	1605.3469
1381.8306	1581.2483
1381.9668	1556.6189
1382.103	1545.2054
1382.2391	1567.9098
1382.3754	1600.4196
1382.5116	1632.7036
1382.6478	1658.077
1382.7839	1681.774
1382.9202	1703.0334
1383.0564	1719.9525
1383.1926	1735.7098
1383.3287	1752.5642
1383.465	1781.2979
1383.6012	1813.9318
1383.7374	1847.979
1383.8737	1874.46
1384.0098	1897.5265
1384.146	1906.4283
1384.2822	1867.5035
1384.4185	1814.2344
1384.5546	1752.1217
1384.6908	1678.5536
1384.827	1601.8873
1384.9633	1546.1301
1385.0995	1552.7399
1385.2356	1578.463
1385.3718	1617.9636
1385.5081	1690.5978
1385.6443	1772.7484
1385.7804	1847.7178
1385.9166	1906.1877
1386.0529	1958.9528
1386.1891	2000.196
1386.3252	2002.0088
1386.4614	1992.1077
1386.5977	1983.3137
1386.7339	1985.9188
1386.8701	1992.3505
1387.0062	2003.22
1387.1425	2021.6394
1387.2787	2042.4523
1387.4149	2062.439
1387.551	2078.5674
1387.6873	2092.0322
1387.8235	2104.9363
1387.9597	2114.02
1388.0959	2122.4973
1388.2321	2124.604
1388.3683	2109.8723
1388.5045	2089.9219
1388.6407	2057.5476
1388.7769	1985.8915
1388.9131	1902.2844
1389.0493	1822.1948
1389.1855	1760.4227
1389.3217	1705.569
1389.4579	1678.9015
1389.5941	1739.2744
1389.7303	1825.4288
1389.8666	1914.3994
1390.0027	2002.6262
1390.1389	2089.0688
1390.2751	2162.4121
1390.4114	2196.0144
1390.5475	2217.2207
1390.6837	2234.3496
1390.8199	2239.3872
1390.9562	2240.2031
1391.0923	2231.3123
1391.2285	2189.9053
1391.3647	2140.0918
1391.501	2083.927
1391.6372	2017.7836
1391.7733	1949.2478
1391.9095	1892.6527
1392.0458	1866.782
1392.182	1849.7544
1392.3181	1841.8282
1392.4543	1863.3265
1392.5906	1891.8149
1392.7268	1910.564
1392.863	1896.6705
1392.9991	1872.9187
1393.1354	1851.474
1393.2716	1848.3956
1393.4078	1854.1964
1393.5439	1879.2954
1393.6802	1953.8665
1393.8164	2039.7505
1393.9526	2124.6719
1394.0887	2200.332
1394.225	2273.5007
1394.3612	2338.3848
1394.4974	2380.5503
1394.6337	2416.0217
1394.7698	2445.1475
1394.906	2465.7327
1395.0422	2483.3857
1395.1785	2500.8345
1395.3146	2510.9473
1395.4508	2518.9585
1395.587	2523.1941
1395.7233	2510.7766
1395.8595	2492.2842
1395.9956	2460.0903
1396.1318	2393.7358
1396.2681	2320.2024
1396.4043	2253.0356
1396.5404	2209.543
1396.6766	2171.6011
1396.8129	2138.3987
1396.9491	2108.4009
1397.0852	2078.8215
1397.2214	2046.183
1397.3577	2013.6345
1397.4939	1982.885
1397.6301	1969.6798
1397.7662	2005.9161
1397.9025	2054.6724
1398.0387	2104.2456
1398.1749	2157.5979
1398.311	2211.5452
1398.4473	2271.1108
1398.5835	2343.6411
1398.7197	2418.4539
1398.856	2491.0698
1398.9921	2559.3569
1399.1283	2625.4368
1399.2645	2680.8384
1399.4008	2702.9751
1399.5369	2717.2788
1399.6731	2726.5054
1399.8093	2723.2419
1399.9456	2717.842
1400.0817	2713.9541
1400.2179	2719.6951
1400.3541	2726.7275
1400.4904	2730.5481
1400.6266	2716.5085
1400.7627	2696.7632
1400.8989	2670.1758
1401.0352	2629.5051
1401.1714	2584.7466
1401.3075	2530.4221
1401.4437	2438.6653
1401.58	2340.1123
1401.7162	2260.1746
1401.8524	2251.2139
1401.9885	2261.7683
1402.1248	2298.0884
1402.261	2402.9553
1402.3972	2520.9402
1402.5333	2631.8167
1402.6696	2717.916
1402.8058	2796.2905
1402.942	2856.156
1403.0781	2864.9321
1403.2144	2860.9084
1403.3506	2842.6096
1403.4868	2778.1418
1403.623	2704.4155
1403.7592	2631.6499
1403.8954	2566.1616
1404.0316	2504.0391
1404.1678	2466.1528
1404.304	2509.8159
1404.4402	2572.1504
1404.5764	2644.3997
1404.7126	2733.1655
1404.8488	2824.3477
1404.985	2904.0071
1405.1212	2947.2966
1405.2574	2980.5337
1405.3937	2996.116
1405.5298	2962.6267
1405.666	2917.4141
1405.8022	2859.3782
1405.9385	2766.4136
1406.0746	2667.0354
1406.2108	2587.3821
1406.347	2579.5676
1406.4833	2589.4172
1406.6195	2623.6416
1406.7556	2714.3284
1406.8918	2815.9521
1407.0281	2911.2844
1407.1643	2984.7234
1407.3004	3051.688
1407.4366	3108.2444
1407.5729	3131.9883
1407.7091	3148.7412
1407.8452	3161.04
1407.9814	3171.2827
1408.1177	3181.4089
1408.2539	3194.0842
1408.3901	3210.1682
1408.5262	3226.0193
1408.6625	3233.1321
1408.7987	3218.3779
1408.9349	3198.7673
1409.071	3186.7874
1409.2073	3198.053
1409.3435	3214.8254
1409.4797	3239.7878
1409.616	3283.3779
1409.7521	3328.7961
1409.8883	3363.2214
1410.0245	3365.9336
1410.1608	3361.0845
1410.2969	3344.8477
1410.4331	3299.9844
1410.5693	3248.498
1410.7056	3189.6694
1410.8417	3119.1865
1410.9779	3048.8286
1411.1141	2993.53
1411.2504	2974.8855
1411.3866	2964.1567
1411.5227	2971.6584
1411.6589	3028.1257
1411.7952	3093.1851
1411.9314	3158.8596
1412.0675	3227.7512
1412.2037	3295.8135
1412.34	3362.0635
1412.4762	3416.0342
1412.6124	3467.2383
1412.7485	3512.9744
1412.8848	3544.7231
1413.021	3573.1375
1413.1572	3596.9207
1413.2933	3609.9395
1413.4296	3620.2791
1413.5658	3628.1853
1413.702	3632.5276
1413.8381	3635.4565
1413.9744	3631.6365
1414.1106	3611.9421
1414.2468	3589.3911
1414.3831	3573.6287
1414.5192	3576.9976
1414.6554	3584.4639
1414.7916	3597.6465
1414.9279	3623.7217
1415.064	3650.793
1415.2002	3662.7341
1415.3364	3633.958
1415.4727	3596.741
1415.6089	3556.1472
1415.745	3508.7483
1415.8812	3461.3435
1416.0175	3430.3115
1416.1537	3445.658
1416.2898	3468.9473
1416.426	3497.8044
1416.5623	3539.8181
1416.6985	3583.5474
1416.8346	3630.0203
1416.9708	3676.5132
1417.1071	3722.0703
1417.2433	3761.3699
1417.3795	3788.6274
1417.5156	3813.27
1417.6519	3835.5554
1417.7881	3855.0908
1417.9243	3873.7366
1418.0604	3892.7153
1418.1967	3908.7024
1418.3329	3924.0881
1418.4691	3942.5493
1418.6052	3970.6963
1418.7415	3999.2761
1418.8777	4023.3521
1419.0139	4038.168
1419.1501	4050.5732
1419.2863	4054.9683
1419.4225	4044.8989
1419.5587	4032.2012
1419.6949	4020.0474
1419.8311	4000.8779
1419.9673	3980.217
1420.1035	3958.6133
1420.2397	3937.0935
1420.376	3915.1628
1420.5121	3895.7458
1420.6483	3890.5178
1420.7845	3887.696
1420.9208	3902.5435
1421.0569	3951.8818
1421.1931	4005.4946
1421.3293	4056.9209
1421.4656	4098.8511
1421.6017	4138.1416
1421.7379	4164.4692
1421.8741	4168.1724
1422.0104	4167.8882
1422.1466	4166.1382
1422.2827	4157.5649
1422.4189	4149.481
1422.5552	4146.6675
1422.6914	4158.6987
1422.8275	4172.2632
1422.9637	4190.5352
1423.1	4217.2676
1423.2362	4244.5024
1423.3724	4265.8672
1423.5085	4271.7451
1423.6448	4275.3672
1423.781	4271.5464
1423.9172	4257.2363
1424.0533	4241.0938
1424.1896	4229.769
1424.3258	4225.8198
1424.462	4222.9673
1424.5981	4217.3472
1424.7344	4204.8784
1424.8706	4191.1904
1425.0068	4181.9023
1425.1431	4181.6792
1425.2792	4182.7085
1425.4154	4183.5264
1425.5516	4188.8418
1425.6879	4195.2207
1425.824	4207.4644
1425.9602	4229.769
1426.0964	4252.98
1426.2327	4272.6079
1426.3689	4279.9487
1426.505	4284.748
1426.6412	4287.9204
1426.7775	4295.4438
1426.9137	4304.1445
1427.0498	4316.3154
1427.186	4329.8369
1427.3223	4342.7593
1427.4585	4346.4805
1427.5946	4329.041
1427.7308	4307.9136
1427.8671	4279.7949
1428.0033	4245.542
1428.1395	4210.6289
1428.2756	4181.7407
1428.4119	4160.4746
1428.5481	4140.791
1428.6843	4124.7036
1428.8204	4116.8516
1428.9567	4108.9746
1429.0929	4099.6445
1429.2291	4088.6792
1429.3654	4079.7097
1429.5015	4084.9138
1429.6377	4117.8574
1429.7739	4153.084
1429.9102	4186.7129
1430.0463	4214.3945
1430.1825	4240.2114
1430.3187	4253.5029
1430.455	4241.6626
1430.5911	4225.8135
1430.7273	4199.8428
1430.8635	4154.335
1430.9998	4107.1665
1431.136	4070.1536
1431.2721	4055.5532
1431.4083	4045.4014
1431.5446	4047.3179
1431.6808	4073.6985
1431.8169	4101.4072
1431.9531	4122.0356
1432.0894	4132.5293
1432.2256	4141.3906
1432.3617	4144.7104
1432.4979	4134.0928
1432.6342	4120.9761
1432.7704	4108.3374
1432.9066	4090.9285
1433.0427	4073.9946
1433.179	4058.2729
1433.3152	4050.6499
1433.4514	4043.8577
1433.5875	4032.6179
1433.7238	4014.3762
1433.86	3993.6074
1433.9962	3965.8821
1434.1324	3916.8762
1434.2686	3865.4373
1434.4048	3814.144
1434.541	3768.1536
1434.6772	3725.3086
1434.8134	3702.113
1434.9496	3717.9507
1435.0858	3737.302
1435.222	3755.9063
1435.3582	3774.0962
1435.4944	3791.2722
1435.6306	3797.4944
1435.7668	3778.5413
1435.9031	3755.2434
1436.0392	3724.2141
1436.1754	3681.9929
1436.3116	3640.2168
1436.4479	3609.4624
1436.584	3596.7659
1436.7202	3586.2549
1436.8564	3579.6306
1436.9927	3584.864
1437.1289	3590.344
1437.265	3590.5603
1437.4012	3577.4824
1437.5375	3562.676
1437.6737	3541.3972
1437.8098	3506.9502
1437.946	3470.0068
1438.0823	3429.3679
1438.2185	3387.8772
1438.3546	3348.2285
1438.4908	3320.0569
1438.6271	3310.9141
1438.7633	3303.4426
1438.8995	3298.4055
1439.0356	3293.5681
1439.1719	3287.5305
1439.3081	3270.8406
1439.4443	3238.1677
1439.5804	3203.8682
1439.7167	3174.2607
1439.8529	3152.2993
1439.9891	3132.4924
1440.1254	3118.6587
1440.2615	3117.4766
1440.3977	3116.4673
1440.5339	3110.769
1440.6702	3092.9116
1440.8063	3072.9609
1440.9425	3048.9441
1441.0787	3021.7163
1441.215	2994.2004
1441.3511	2967.7817
1441.4873	2944.7844
1441.6235	2921.6062
1441.7598	2892.26
1441.896	2850
1442.0321	2805.1128
1442.1683	2749.7644
1442.3046	2676.364
1442.4408	2603.6262
1442.5769	2551.7749
1442.7131	2536.5696
1442.8494	2526.269
1442.9856	2527.5977
1443.1218	2548.5813
1443.2579	2569.5427
1443.3942	2581.9417
1443.5304	2577.1951
1443.6666	2570.5359
1443.8027	2556.7581
1443.939	2532.9312
1444.0752	2508.1968
1444.2114	2485.0569
1444.3475	2465.1218
1444.4838	2445.4348
1444.62	2425.7654
1444.7562	2406.2607
1444.8925	2386.408
1445.0286	2364.6724
1445.1648	2342.9646
1445.301	2321.2148
1445.4373	2300.6213
1445.5734	2279.2268
1445.7096	2257.9465
1445.8458	2237.2927
1445.9821	2214.54
1446.1182	2191.355
1446.2544	2167.4473
1446.3906	2145.812
1446.5269	2123.9404
1446.6631	2097.9907
1446.7992	2065.741
1446.9354	2032.4188
1447.0717	1997.4393
1447.2079	1956.4543
1447.344	1916.1747
1447.4802	1882.2778
1447.6165	1862.4801
1447.7527	1844.7985
1447.8889	1832.5596
1448.025	1826.3141
1448.1613	1819.2909
1448.2975	1811.6354
1448.4337	1805.8051
1448.5698	1799.5046
1448.7061	1788.788
1448.8423	1769.0826
1448.9785	1748.4948
1449.1146	1728.5944
1449.2509	1711.1437
1449.3871	1695.4567
1449.5233	1679.5533
1449.6595	1659.9893
1449.7957	1639.355
1449.9319	1619.7263
1450.0681	1608.1458
1450.2043	1596.8947
1450.3405	1585.7241
1450.4767	1570.4012
1450.6129	1555.0801
1450.7491	1539.7747
1450.8854	1523.5519
1451.0215	1506.4957
1451.1577	1489.2201
1451.2939	1473.9337
1451.4302	1458.3422
1451.5663	1440.4487
1451.7025	1418.5775
1451.8387	1396.4064
1451.975	1375.1259
1452.1111	1354.1672
1452.2473	1334.1572
1452.3835	1315.4808
1452.5198	1300.2876
1452.656	1285.3527
1452.7921	1270.9131
1452.9283	1258.8301
1453.0646	1245.8937
1453.2008	1232.7362
1453.3369	1215.5386
1453.4731	1198.6191
1453.6094	1182.6295
1453.7456	1171.0466
1453.8818	1159.7578
1454.0179	1148.8269
1454.1542	1139.8536
1454.2904	1130.3777
1454.4266	1121.0388
1454.5627	1109.0917
1454.699	1097.4399
1454.8352	1084.7974
1454.9714	1070.1283
1455.1075	1055.8677
1455.2438	1043.6018
1455.38	1032.9628
1455.5162	1021.7039
1455.6525	1008.9272
1455.7886	995.63373
1455.9248	982.11322
1456.061	970.77106
1456.1973	961.2276
1456.3334	951.63275
1456.4696	939.42389
1456.6058	927.97675
1456.7421	916.48242
1456.8782	906.24518
1457.0144	897.0437
1457.1506	888.12708
1457.2869	879.84265
1457.4231	869.39465
1457.5592	858.83484
1457.6954	847.91443
1457.8317	835.40747
1457.9679	822.86359
1458.104	810.9306
1458.2402	803.41266
1458.3765	795.54602
1458.5127	787.32001
1458.6489	777.87958
1458.785	769.14398
1458.9213	762.97565
1459.0575	756.63391
1459.1937	749.87518
1459.3298	740.74408
1459.4661	730.80804
1459.6023	721.18567
1459.7385	711.71692
1459.8746	702.42682
1460.0109	693.15033
1460.1471	685.95624
1460.2833	680.16803
1460.4196	673.9444
1460.5557	668.39832
1460.6919	664.76904
1460.8281	660.65558
1460.9644	655.86877
1461.1005	649.41986
1461.2367	643.50769
1461.3729	636.82483
1461.5092	630.6994
1461.6454	625.70758
1461.7815	620.66461
1461.9177	613.31677
1462.054	604.57959
1462.1902	594.51416
1462.3263	584.67249
1462.4625	574.72095
1462.5988	569.22821
1462.735	566.07947
1462.8711	563.08801
1463.0073	558.07709
1463.1436	553.43274
1463.2798	548.79071
1463.416	542.89526
1463.5521	535.26086
1463.6884	528.0976
1463.8246	522.15594
1463.9608	518.54895
1464.0969	514.64227
1464.2332	511.21527
1464.3694	505.11136
1464.5056	498.90942
1464.6418	490.62347
1464.778	482.39316
1464.9142	474.15732
1465.0504	469.49786
1465.1866	468.57602
1465.3228	468.40491
1465.459	465.39407
1465.5952	458.42889
1465.7314	450.29639
1465.8676	444.18259
1466.0038	440.49536
1466.14	437.6297
1466.2762	434.86108
1466.4125	431.86948
1466.5486	428.24808
1466.6848	423.20239
1466.821	415.96457
1466.9573	409.13422
1467.0934	401.371
1467.2296	394.33508
1467.3658	386.49734
1467.5021	378.50815
1467.6383	373.42786
1467.7744	369.46899
1467.9106	370.16959
1468.0469	371.7482
1468.1831	374.06232
1468.3192	375.44543
1468.4554	375.06024
1468.5917	373.16577
1468.7279	368.98642
1468.864	363.39484
1469.0002	358.37506
1469.1365	351.57816
1469.2727	343.89636
1469.4089	336.43192
1469.545	332.33057
1469.6813	330.77933
1469.8175	328.24445
1469.9537	327.65875
1470.0898	330.58987
1470.2261	333.67761
1470.3623	332.68842
1470.4985	326.90427
1470.6346	321.82126
1470.7709	319.82434
1470.9071	320.39957
1471.0433	320.98267
1471.1796	319.82318
1471.3157	317.27988
1471.4519	314.74792
1471.5881	313.24057
1471.7244	311.62442
1471.8605	310.40845
1471.9967	308.02344
1472.1329	304.7193
1472.2692	300.47092
1472.4054	295.30023
1472.5415	290.42163
1472.6777	286.32883
1472.814	286.35483
1472.9502	287.30112
1473.0863	288.08746
1473.2225	286.0874
1473.3588	284.84531
1473.495	283.66714
1473.6311	281.88385
1473.7673	278.97577
1473.9036	275.3548
1474.0398	270.69876
1474.176	265.67831
1474.3121	260.95197
1474.4484	257.55017
1474.5846	253.89474
1474.7208	251.68123
1474.8569	251.93436
1474.9932	254.07394
1475.1294	255.00481
1475.2656	253.13803
1475.4019	248.93958
1475.538	244.25572
1475.6742	240.75412
1475.8104	239.52011
1475.9467	239.78877
1476.0828	242.35258
1476.219	244.40794
1476.3552	245.56194
1476.4915	242.7541
1476.6276	238.21692
1476.7638	233.62808
1476.9	230.88455
1477.0363	229.57533
1477.1725	228.23442
1477.3086	226.54631
1477.4448	225.49004
1477.5811	224.58192
1477.7173	223.8942
1477.8534	221.56969
1477.9896	220.15384
1478.1259	218.07018
1478.2621	215.74536
1478.3983	212.38055
1478.5344	207.16721
1478.6707	201.55542
1478.8069	196.00615
1478.9431	196.32559
1479.0792	200.40414
1479.2155	205.44048
1479.3517	207.84666
1479.4879	208.60008
1479.624	208.95917
1479.7603	209.09346
1479.8965	208.20647
1480.0327	207.049
1480.1689	206.63614
1480.3051	208.05922
1480.4413	209.06071
1480.5775	207.81699
1480.7137	203.66508
1480.8499	200.53635
1480.9861	198.51672
1481.1223	196.48749
1481.2585	193.24675
1481.3948	190.40628
1481.5309	189.62411
1481.6671	189.88464
1481.8033	188.16685
1481.9396	185.04265
1482.0757	182.12471
1482.2119	183.67336
1482.3481	187.35258
1482.4844	191.28563
1482.6205	192.50215
1482.7567	190.84914
1482.8929	188.02994
1483.0292	183.843
1483.1654	181.01683
1483.3015	177.94489
1483.4377	174.84303
1483.574	171.22064
1483.7102	167.9888
1483.8463	165.30441
1483.9825	163.05809
1484.1188	160.58875
1484.255	160.5869
1484.3911	161.50586
1484.5273	163.78467
1484.6636	163.8329
1484.7998	162.87698
1484.936	160.57487
1485.0721	160.25162
1485.2084	161.77177
1485.3446	164.50966
1485.4808	167.37297
1485.6169	168.69966
1485.7532	169.26985
1485.8894	167.20607
1486.0256	164.65215
1486.1619	162.13995
1486.298	159.5948
1486.4342	156.45514
1486.5704	153.16766
1486.7067	152.68037
1486.8428	153.95457
1486.979	154.44829
1487.1152	153.40535
1487.2515	152.16046
1487.3876	151.9118
1487.5238	148.91869
1487.66	144.40694
1487.7963	139.87283
1487.9325	137.5672
1488.0686	135.59221
1488.2048	133.70506
1488.3411	135.63957
1488.4773	139.63869
1488.6134	143.69864
1488.7496	143.22208
1488.8859	141.40755
1489.0221	139.86119
1489.1583	139.45908
1489.2944	138.61806
1489.4307	138.28691
1489.5669	139.57289
1489.7031	142.1797
1489.8392	145.04546
1489.9755	145.71913
1490.1117	145.61404
1490.2479	143.64966
1490.384	142.88354
1490.5203	141.37311
1490.6565	140.84755
1490.7927	139.17767
1490.929	137.94012
1491.0651	135.82162
1491.2013	136.30438
1491.3375	137.61897
1491.4738	140.4742
1491.6099	137.73558
1491.7461	132.81448
1491.8823	127.18737
1492.0186	124.32812
1492.1548	123.29056
1492.2909	123.11581
1492.4271	125.46345
1492.5634	127.30025
1492.6996	128.49268
1492.8357	127.92987
1492.9719	126.84965
1493.1082	126.31783
1493.2444	128.02437
1493.3805	131.25494
1493.5167	134.23758
1493.653	137.08199
1493.7892	138.86197
1493.9254	139.26364
1494.0615	138.52412
1494.1978	136.92288
1494.334	135.26254
1494.4702	130.6017
1494.6063	126.326
1494.7426	122.46601
1494.8788	120.3058
1495.015	118.8288
1495.1512	117.11739
1495.2874	111.43043
1495.4236	104.03621
1495.5598	97.211327
1495.696	96.546928
1495.8322	97.515205
1495.9684	99.096725
1496.1046	106.22036
1496.2408	114.68938
1496.377	123.7806
1496.5132	126.6553
1496.6494	127.8269
1496.7856	127.59696
1496.9219	122.57442
1497.058	116.6316
1497.1942	112.52634
1497.3304	112.95843
1497.4667	113.91511
1497.6028	113.16054
1497.739	113.56381
1497.8752	114.90511
1498.0115	116.61073
1498.1476	116.00256
1498.2838	113.72152
1498.42	110.70549
1498.5563	109.25826
1498.6925	108.53852
1498.8286	107.80988
1498.9648	108.2347
1499.1011	109.53912
1499.2373	111.09274
1499.3734	109.21075
1499.5096	106.04984
1499.6459	104.80491
1499.7821	102.36982
1499.9183	99.314552
1500.0544	95.317413
1500.1907	96.556206
1500.3269	99.27597
1500.4631	100.13908
1500.5992	99.633202
1500.7355	99.139847
1500.8717	100.13887
1501.0079	99.057838
1501.144	97.159714
1501.2803	95.732872
1501.4165	96.555664
1501.5527	97.990906
1501.689	98.653732
1501.8251	98.16954
1501.9613	97.213524
1502.0975	96.594475
1502.2338	95.785728
1502.3699	94.924767
1502.5061	94.998116
1502.6423	98.867142
1502.7786	103.42299
1502.9148	107.26139
1503.0509	107.74648
1503.1871	107.53735
1503.3234	105.95659
1503.4596	106.92746
1503.5957	108.57029
1503.7319	111.94719
1503.8682	111.84377
1504.0044	111.06965
1504.1405	109.88447
1504.2767	107.06581
1504.413	103.78526
1504.5492	100.54652
1504.6854	100.7747
1504.8215	101.73172
1504.9578	103.81004
1505.094	106.94835
1505.2302	109.68447
1505.3663	110.90874
1505.5026	110.14092
1505.6388	109.47405
1505.775	107.64537
1505.9113	108.53196
1506.0474	109.73816
1506.1836	112.02444
1506.3198	111.0574
1506.4561	109.53786
1506.5922	107.01043
1506.7284	100.54906
1506.8646	93.689621
1507.0009	89.043098
1507.137	91.695564
1507.2732	95.042236
1507.4094	97.269356
1507.5457	96.861336
1507.6819	96.81118
1507.818	97.331291
1507.9542	101.54556
1508.0905	105.75668
1508.2267	110.65643
1508.3628	112.70418
1508.499	114.17853
1508.6353	113.65196
1508.7715	108.82471
1508.9077	103.70348
1509.0438	99.04174
1509.1801	96.716599
1509.3163	94.210281
1509.4525	90.586205
1509.5886	90.344742
1509.7249	91.031494
1509.8611	94.341682
1509.9973	95.425545
1510.1334	95.997711
1510.2697	95.660049
1510.4059	95.687332
1510.5421	95.593903
1510.6783	94.289848
1510.8145	92.708199
1510.9507	91.717072
1511.0869	91.77182
1511.2231	90.024956
1511.3593	88.003189
1511.4955	87.378662
1511.6317	87.454445
1511.7679	87.12619
1511.9041	86.349754
1512.0403	89.681694
1512.1765	93.447922
1512.3127	94.070625
1512.449	88.861511
1512.5851	83.1549
1512.7213	79.972023
1512.8575	80.286369
1512.9938	81.172958
1513.1299	83.376663
1513.2661	86.409737
1513.4023	89.60936
1513.5386	91.443619
1513.6748	92.585274
1513.8109	93.281517
1513.9471	93.577011
1514.0834	91.640297
1514.2196	89.653046
1514.3557	87.089897
1514.4919	85.54599
1514.6282	83.953949
1514.7644	85.234558
1514.9005	87.290504
1515.0367	89.599823
1515.173	90.609009
1515.3092	90.945786
1515.4454	91.17749
1515.5815	90.225876
1515.7178	90.65226
1515.854	90.81987
1515.9902	90.533485
1516.1263	89.076157
1516.2626	87.623619
1516.3988	86.638428
1516.535	85.14637
1516.6713	84.023407
1516.8074	85.407043
1516.9436	87.146095
1517.0798	88.702812
1517.2161	88.311371
1517.3522	88.640442
1517.4884	89.162704
1517.6246	88.335762
1517.7609	88.421745
1517.897	88.516457
1518.0332	91.298546
1518.1694	92.998199
1518.3057	94.399864
1518.4419	93.322891
1518.578	88.230217
1518.7142	82.747169
1518.8505	80.200439
1518.9867	81.808601
1519.1228	83.775406
1519.259	82.888588
1519.3953	83.802292
1519.5315	85.375603
1519.6677	87.942268
1519.8038	87.176819
1519.9401	86.092957
1520.0763	86.272232
1520.2125	87.87809
1520.3486	89.171036
1520.4849	89.213165
1520.6211	86.112923
1520.7573	82.425125
1520.8934	81.249001
1521.0297	85.343658
1521.1659	90.395729
1521.3021	92.090355
1521.4384	90.612839
1521.5745	89.06517
1521.7107	89.43605
1521.8469	90.053528
1521.9832	89.959068
1522.1193	88.554428
1522.2555	88.769745
1522.3917	89.256058
1522.528	89.332481
1522.6642	86.269356
1522.8003	83.501884
1522.9365	84.472336
1523.0728	87.477859
1523.209	90.248177
1523.3451	90.351898
1523.4813	91.15139
1523.6176	92.453682
1523.7538	92.818382
1523.8899	90.947777
1524.0261	89.215576
1524.1624	89.287773
1524.2986	93.04985
1524.4348	96.293785
1524.5709	99.422195
1524.7072	96.403099
1524.8434	93.103592
1524.9796	89.18943
1525.1157	89.275871
1525.252	89.611839
1525.3882	89.010979
1525.5244	88.387993
1525.6605	86.999161
1525.7968	84.271194
1525.933	80.076897
1526.0692	76.268066
1526.2054	74.295006
1526.3416	74.338104
1526.4778	74.979073
1526.614	76.521095
1526.7502	77.423103
1526.8864	78.157837
1527.0226	81.217712
1527.1588	86.423996
1527.295	91.530106
1527.4313	96.050247
1527.5674	99.6511
1527.7036	103.46896
1527.8398	101.88527
1527.9761	97.171928
1528.1122	91.711067
1528.2484	88.364273
1528.3846	84.303879
1528.5209	80.404839
1528.657	80.647087
1528.7932	85.342545
1528.9294	90.428459
1529.0657	92.231583
1529.2019	91.264793
1529.338	89.944839
1529.4742	87.810867
1529.6105	85.848183
1529.7467	83.934822
1529.8828	82.688042
1530.019	80.844238
1530.1553	79.164238
1530.2915	80.120544
1530.4277	82.279282
1530.5638	84.721107
1530.7001	83.860489
1530.8363	83.810997
1530.9725	83.558098
1531.1086	83.631508
1531.2449	82.493614
1531.3811	81.333694
1531.5173	80.726105
1531.6534	80.719849
1531.7897	81.355827
1531.9259	83.70076
1532.0621	85.18161
1532.1984	85.295128
1532.3345	85.711845
1532.4707	86.066727
1532.6069	87.159027
1532.7432	85.676918
1532.8793	84.274582
1533.0155	82.291641
1533.1517	83.361702
1533.288	84.92392
1533.4242	88.027519
1533.5603	87.560623
1533.6965	86.033936
1533.8328	83.359077
1533.969	82.521805
1534.1051	82.666588
1534.2413	83.002853
1534.3776	84.114746
1534.5138	85.228218
1534.6499	86.326859
1534.7861	85.889572
1534.9224	84.772011
1535.0586	83.58107
1535.1948	86.366211
1535.3309	90.454712
1535.4672	95.154488
1535.6034	99.264519
1535.7396	102.47086
1535.8757	103.82075
1536.012	101.06233
1536.1482	96.519653
1536.2844	93.218246
1536.4207	90.054619
1536.5568	87.158951
1536.693	85.006439
1536.8292	83.71582
1536.9655	84.155655
1537.1016	83.276619
1537.2378	81.737053
1537.374	77.970146
1537.5103	74.417091
1537.6464	73.448875
1537.7826	74.442497
1537.9188	75.935089
1538.0551	79.563377
1538.1913	84.1119
1538.3274	88.876656
1538.4636	91.754257
1538.5999	93.465874
1538.7361	94.602188
1538.8722	92.087097
1539.0084	88.300041
1539.1447	85.666641
1539.2809	85.845039
1539.417	86.519951
1539.5532	85.668083
1539.6895	83.950073
1539.8257	83.102448
1539.9619	82.705948
1540.098	84.191055
1540.2343	83.622559
1540.3705	83.12751
1540.5067	82.42894
1540.6428	82.795486
1540.7791	83.094307
1540.9153	84.676964
1541.0515	87.795937
1541.1877	90.315872
1541.3239	88.645515
1541.4601	84.924774
1541.5963	82.96666
1541.7325	81.844231
1541.8687	79.999298
1542.0049	77.068214
1542.1411	77.657021
1542.2773	79.903992
1542.4135	80.809364
1542.5497	79.285126
1542.6859	77.16156
1542.8221	77.436722
1542.9584	78.543259
1543.0945	79.518402
1543.2307	79.737633
1543.3669	79.664307
1543.5032	80.12204
1543.6393	80.179878
1543.7755	80.502045
1543.9117	80.234116
1544.048	80.882111
1544.1842	81.432541
1544.3203	81.909294
1544.4565	81.752281
1544.5928	84.343582
1544.729	87.877609
1544.8651	89.864052
1545.0013	89.492859
1545.1376	87.723915
1545.2738	87.218643
1545.4099	88.019592
1545.5461	89.583946
1545.6824	93.379692
1545.8186	95.366287
1545.9548	96.728203
1546.0909	95.684731
1546.2272	94.415474
1546.3634	93.280937
1546.4996	92.418541
1546.6357	92.630325
1546.772	92.90741
1546.9082	93.630302
1547.0444	94.166153
1547.1807	94.27108
1547.3168	93.788033
1547.453	92.65966
1547.5892	91.548744
1547.7255	89.766769
1547.8616	90.512688
1547.9978	91.635017
1548.134	94.162476
1548.2703	97.067833
1548.4064	99.841225
1548.5426	101.95771
1548.6788	98.017075
1548.8151	93.004173
1548.9513	88.087097
1549.0874	87.082672
1549.2236	86.596382
1549.3599	85.808228
1549.4961	83.317284
1549.6322	81.382462
1549.7684	79.319717
1549.9047	82.245888
1550.0409	84.8386
1550.1771	89.242882
1550.3132	91.137764
1550.4495	93.215958
1550.5857	93.599213
1550.7219	89.946564
1550.858	85.959755
1550.9943	82.393967
1551.1305	82.843002
1551.2667	82.58548
1551.4028	80.83493
1551.5391	78.211952
1551.6753	77.196655
1551.8115	79.400841
1551.9478	83.221169
1552.0839	86.807503
1552.2201	90.016998
1552.3563	92.156715
1552.4926	93.417953
1552.6287	92.051247
1552.7649	88.812988
1552.9011	85.683083
1553.0374	84.063011
1553.1735	80.537346
1553.3097	77.239548
1553.4459	74.65641
1553.5822	76.265129
1553.7184	78.11779
1553.8545	79.345695
1553.9907	83.3377
1554.127	87.119011
1554.2632	89.007301
1554.3993	85.002449
1554.5355	80.57029
1554.6718	78.787971
1554.808	81.300972
1554.9442	84.15506
1555.0803	85.275894
1555.2166	83.550446
1555.3528	82.185173
1555.489	81.979286
1555.6251	82.724693
1555.7614	83.096672
1555.8976	84.122307
1556.0338	84.609917
1556.1699	84.708336
1556.3062	82.69854
1556.4424	78.975075
1556.5786	75.392044
1556.7148	73.785713
1556.851	75.749931
1556.9872	78.199303
1557.1234	80.668243
1557.2596	82.416199
1557.3958	83.913971
1557.532	83.883484
1557.6682	85.760216
1557.8044	87.81427
1557.9407	89.185616
1558.0768	86.418655
1558.213	83.346313
1558.3492	81.983078
1558.4855	83.02964
1558.6216	84.217979
1558.7578	86.332596
1558.894	87.996925
1559.0303	89.552116
1559.1664	89.987152
1559.3026	88.3806
1559.4388	87.087067
1559.5751	83.58783
1559.7113	82.611664
1559.8474	81.340355
1559.9836	83.388481
1560.1199	85.057266
1560.2561	86.450172
1560.3922	85.786728
1560.5284	84.048645
1560.6647	82.146667
1560.8009	81.139038
1560.9371	80.273476
1561.0732	79.616867
1561.2095	79.26619
1561.3457	82.170517
1561.4819	85.893921
1561.618	88.247223
1561.7543	87.166557
1561.8905	85.22879
1562.0267	84.797348
1562.1628	84.682533
1562.2991	84.628197
1562.4353	83.591026
1562.5715	78.977478
1562.7078	73.823273
1562.8439	69.940598
1562.9801	73.446091
1563.1163	78.021767
1563.2526	81.414642
1563.3887	80.246338
1563.5249	79.038132
1563.6611	80.053162
1563.7974	82.070358
1563.9336	83.499146
1564.0697	84.747673
1564.2059	88.233696
1564.3422	91.588333
1564.4784	91.64856
1564.6145	87.439186
1564.7507	83.696609
1564.887	83.449898
1565.0232	85.556068
1565.1593	87.722977
1565.2955	88.286232
1565.4318	89.344643
1565.568	90.195786
1565.7042	89.958229
1565.8403	87.119766
1565.9766	84.775505
1566.1128	84.826416
1566.249	89.652443
1566.3851	94.228836
1566.5214	98.077248
1566.6576	96.447998
1566.7938	94.436676
1566.9299	90.841461
1567.0662	89.89637
1567.2024	88.977547
1567.3386	87.898376
1567.4749	86.829117
1567.611	85.266983
1567.7472	82.985977
1567.8834	77.813339
1568.0197	73.426323
1568.1558	71.11042
1568.292	72.908638
1568.4282	75.159668
1568.5645	76.187241
1568.7007	74.329041
1568.8368	71.373375
1568.973	70.684029
1569.1093	74.228752
1569.2455	78.243843
1569.3816	84.058159
1569.5178	89.220413
1569.6541	94.680962
1569.7903	95.569244
1569.9264	92.261688
1570.0626	88.466644
1570.1989	86.80024
1570.3351	86.352348
1570.4713	86.107628
1570.6074	84.748245
1570.7437	84.857368
1570.8799	85.141846
1571.0161	84.315742
1571.1522	81.888336
1571.2885	79.540787
1571.4247	77.824455
1571.5609	76.718971
1571.6971	75.412727
1571.8333	76.865166
1571.9695	78.824745
1572.1057	80.781433
1572.2419	81.775688
1572.3781	84.58979
1572.5143	87.368576
1572.6505	87.877266
1572.7867	85.360405
1572.9229	82.84597
1573.0591	81.192451
1573.1953	79.54911
1573.3315	78.262634
1573.4678	76.858017
1573.6039	76.56562
1573.7401	76.995697
1573.8763	79.742805
1574.0126	84.42984
1574.1487	87.42186
1574.2849	89.544449
1574.4211	89.368462
1574.5574	89.801254
1574.6936	88.130135
1574.8297	85.357033
1574.9659	81.974533
1575.1022	82.245506
1575.2384	86.09404
1575.3745	91.766418
1575.5107	91.902458
1575.647	87.483437
1575.7832	82.011818
1575.9193	79.188217
1576.0555	78.914841
1576.1918	78.892288
1576.328	79.235031
1576.4642	79.308983
1576.6003	79.423882
1576.7366	79.844154
1576.8728	79.849358
1577.009	79.665955
1577.1451	82.814606
1577.2814	87.382492
1577.4176	92.294128
1577.5538	95.368553
1577.6901	97.038948
1577.8262	96.833031
1577.9624	93.571976
1578.0986	90.029892
1578.2349	87.844208
1578.371	85.867439
1578.5072	83.716469
1578.6434	82.767075
1578.7797	81.92971
1578.9158	81.925438
1579.052	80.527962
1579.1882	78.053215
1579.3245	72.972534
1579.4607	67.707924
1579.5968	65.489632
1579.733	65.824188
1579.8693	66.757545
1580.0055	71.093658
1580.1416	77.866898
1580.2778	84.96344
1580.4141	90.488396
1580.5503	94.225487
1580.6864	97.362968
1580.8226	95.457764
1580.9589	92.151489
1581.0951	90.061974
1581.2313	89.299736
1581.3674	87.618889
1581.5037	84.483467
1581.6399	83.241943
1581.7761	82.937576
1581.9122	82.803398
1582.0485	83.234535
1582.1847	83.07415
1582.3209	83.24086
1582.4572	82.052681
1582.5933	81.54837
1582.7295	80.442062
1582.8657	79.989326
1583.002	80.589287
1583.1381	81.350204
1583.2743	81.321503
1583.4105	79.980804
1583.5468	79.377441
1583.6829	76.637886
1583.8191	73.158882
1583.9553	70.257401
1584.0916	71.071518
1584.2278	72.593185
1584.3639	72.182243
1584.5001	72.664375
1584.6364	74.218407
1584.7726	77.964523
1584.9087	79.403885
1585.0449	79.661079
1585.1812	78.689812
1585.3174	78.23391
1585.4536	78.393311
1585.5897	78.134758
1585.726	76.796974
1585.8622	74.895386
1585.9984	75.059784
1586.1345	76.344154
1586.2708	77.303215
1586.407	76.83606
1586.5432	79.385315
1586.6793	82.892212
1586.8156	85.958176
1586.9518	86.605423
1587.088	86.608223
1587.2242	87.035461
1587.3604	89.095291
1587.4966	92.259094
1587.6328	96.223244
1587.769	94.762123
1587.9052	91.942917
1588.0414	88.930817
1588.1776	90.078018
1588.3138	91.018585
1588.4501	90.421669
1588.5862	92.179268
1588.7224	94.713394
1588.8586	97.522537
1588.9949	96.747978
1589.131	95.180519
1589.2672	94.415939
1589.4034	94.691902
1589.5397	95.420578
1589.6758	96.561501
1589.812	98.763756
1589.9482	101.47513
1590.0845	104.00536
1590.2207	104.93214
1590.3568	104.82222
1590.493	102.743
1590.6293	96.565536
1590.7655	89.545532
1590.9016	83.575241
1591.0378	82.610268
1591.1741	82.90786
1591.3103	84.611061
1591.4465	85.004852
1591.5826	85.516006
1591.7189	84.040703
1591.8551	85.728271
1591.9913	87.360291
1592.1274	90.873108
1592.2637	96.120956
1592.3999	101.69724
1592.5361	105.94482
1592.6722	101.71658
1592.8085	96.1894
1592.9447	90.276207
1593.0809	86.384705
1593.2172	82.36142
1593.3533	77.567169
1593.4895	76.498039
1593.6257	76.666016
1593.762	78.585068
1593.8981	78.250481
1594.0343	78.084343
1594.1705	79.370598
1594.3068	82.660629
1594.4429	85.477646
1594.5791	85.567474
1594.7153	84.654739
1594.8516	83.88076
1594.9878	83.744316
1595.1239	80.802841
1595.2601	77.745079
1595.3964	76.065796
1595.5326	75.40905
1595.6687	74.508232
1595.8049	72.153702
1595.9412	74.531944
1596.0774	77.165718
1596.2136	79.437943
1596.3497	77.515846
1596.486	74.827095
1596.6222	74.252678
1596.7584	78.093857
1596.8945	83.174095
1597.0308	87.01236
1597.167	87.623291
1597.3032	88.042068
1597.4393	87.886696
1597.5756	87.515388
1597.7118	86.908936
1597.848	86.17952
1597.9843	84.853958
1598.1204	83.313118
1598.2566	81.565025
1598.3928	79.317589
1598.5291	77.236763
1598.6652	78.049004
1598.8014	83.117592
1598.9376	88.049911
1599.0739	90.567146
1599.2101	90.566475
1599.3462	90.821632
1599.4824	89.937294
1599.6187	87.697205
1599.7549	85.34861
1599.891	83.93338
1600.0272	84.146973
1600.1635	84.157455
1600.2997	85.261642
1600.4358	87.994682
1600.572	91.175674
1600.7083	94.534523
1600.8445	95.925735
1600.9807	97.139412
1601.1168	95.839844
1601.2531	91.942398
1601.3893	88.24147
1601.5255	84.858307
1601.6616	84.343056
1601.7979	83.81707
1601.9341	85.789688
1602.0703	87.740524
1602.2065	89.087372
1602.3427	87.982826
1602.4789	85.007828
1602.6151	82.513199
1602.7513	82.193748
1602.8875	82.789711
1603.0237	82.950447
1603.1599	81.644157
1603.2961	82.62439
1603.4323	84.217941
1603.5685	86.114685
1603.7047	86.46801
1603.8409	86.765511
1603.9772	87.431755
1604.1133	88.521004
1604.2495	89.642715
1604.3857	89.733047
1604.522	86.673073
1604.6581	82.864304
1604.7943	80.222672
1604.9305	81.61525
1605.0668	83.960182
1605.203	85.350578
1605.3391	84.238869
1605.4753	83.004814
1605.6116	83.156258
1605.7478	84.487984
1605.8839	85.168465
1606.0201	85.694603
1606.1564	87.735451
1606.2926	89.836273
1606.4287	90.189644
1606.5649	87.033386
1606.7012	84.546738
1606.8374	84.122681
1606.9736	85.107422
1607.1097	85.733009
1607.246	85.939156
1607.3822	87.965469
1607.5184	90.115723
1607.6545	90.08403
1607.7908	87.276855
1607.927	85.041618
1608.0632	85.984497
1608.1993	91.053711
1608.3356	95.626999
1608.4718	99.38295
1608.608	98.868706
1608.7443	97.844231
1608.8804	94.37487
1609.0166	91.718529
1609.1528	89.560486
1609.2891	87.88147
1609.4252	86.597549
1609.5614	84.274811
1609.6976	81.516754
1609.8339	78.211975
1609.9701	75.226974
1610.1062	74.800667
1610.2424	75.705215
1610.3787	77.453484
1610.5149	77.958923
1610.651	77.866043
1610.7872	77.902573
1610.9235	78.648888
1611.0597	81.525139
1611.1958	84.667732
1611.332	89.463676
1611.4683	93.819466
1611.6045	97.174706
1611.7407	96.717575
1611.8768	93.868469
1612.0131	91.318748
1612.1493	88.971489
1612.2855	85.465363
1612.4216	82.122597
1612.5579	81.949547
1612.6941	85.233589
1612.8303	88.022224
1612.9666	89.030151
1613.1027	90.026299
1613.2389	91.419487
1613.3751	91.501625
1613.5114	88.618874
1613.6475	85.979988
1613.7837	84.56926
1613.9199	83.597504
1614.0562	82.536362
1614.1923	82.922615
1614.3285	85.730118
1614.4647	88.41156
1614.601	88.913185
1614.7372	87.498024
1614.8733	86.76207
1615.0095	86.545128
1615.1458	86.49575
1615.282	86.361229
1615.4181	86.012085
1615.5543	85.973419
1615.6906	86.608994
1615.8268	88.170288
1615.963	89.181633
1616.0991	88.459015
1616.2354	87.898781
1616.3716	87.968124
1616.5078	88.217484
1616.6439	87.091232
1616.7802	85.357697
1616.9164	83.590508
1617.0526	84.388084
1617.1887	86.020676
1617.325	89.006157
1617.4612	87.740784
1617.5974	84.49556
1617.7336	80.454185
1617.8698	79.377815
1618.006	80.584694
1618.1422	82.349495
1618.2784	82.668983
1618.4146	81.903587
1618.5508	80.834251
1618.687	82.236671
1618.8232	84.133453
1618.9594	86.842926
1619.0956	90.822479
1619.2318	94.752716
1619.368	98.345642
1619.5043	100.76659
1619.6404	102.11197
1619.7766	102.51643
1619.9128	100.21832
1620.0491	98.119171
1620.1852	94.832954
1620.3214	90.038139
1620.4576	84.751694
1620.5939	80.521011
1620.7301	79.669823
1620.8662	80.076614
1621.0024	80.788963
1621.1387	77.558212
1621.2749	72.394081
1621.411	67.534439
1621.5472	67.41407
1621.6835	69.209854
1621.8197	71.765358
1621.9558	78.06205
1622.092	85.145088
1622.2283	91.593681
1622.3645	92.652946
1622.5007	92.243904
1622.6368	90.573135
1622.7731	86.739662
1622.9093	82.386108
1623.0455	80.224571
1623.1816	80.229416
1623.3179	80.230965
1623.4541	79.253075
1623.5903	81.497879
1623.7266	84.662239
1623.8627	88.527321
1623.9989	90.456978
1624.1351	91.531189
1624.2714	90.242386
1624.4075	87.095856
1624.5437	83.760292
1624.6799	81.599251
1624.8162	83.153397
1624.9523	85.741096
1625.0885	89.412437
1625.2247	89.984688
1625.361	90.158333
1625.4972	90.318703
1625.6333	89.032379
1625.7695	86.520866
1625.9058	82.674644
1626.042	80.029091
1626.1781	77.86866
1626.3143	74.964859
1626.4506	73.360954
1626.5868	72.542953
1626.723	74.246178
1626.8591	76.66713
1626.9954	78.546806
1627.1316	79.776527
1627.2678	80.624168
1627.4039	81.537682
1627.5402	81.389824
1627.6764	81.187431
1627.8126	81.204987
1627.9487	83.347908
1628.085	85.497627
1628.2212	87.375267
1628.3574	88.577271
1628.4937	90.692101
1628.6298	92.591774
1628.766	94.946625
1628.9022	97.101639
1629.0385	99.426636
1629.1746	98.896965
1629.3108	99.986481
1629.447	101.29576
1629.5833	104.20554
1629.7195	101.98892
1629.8556	98.901131
1629.9918	95.297302
1630.1281	91.121437
1630.2643	87.235046
1630.4004	83.329788
1630.5366	82.654884
1630.6729	82.404755
1630.8091	84.626541
1630.9452	86.81675
1631.0814	88.708199
1631.2177	89.57814
1631.3539	90.484512
1631.4901	91.379501
1631.6262	91.326935
1631.7625	94.873917
1631.8987	98.665329
1632.0349	103.18633
1632.171	102.8149
1632.3073	102.07649
1632.4435	98.206284
1632.5797	90.428032
1632.7158	82.181717
1632.8521	77.255569
1632.9883	80.588234
1633.1245	84.896233
1633.2607	87.555222
1633.3969	84.98867
1633.5331	81.784714
1633.6693	80.607353
1633.8055	83.940636
1633.9417	87.943245
1634.0779	92.556656
1634.2141	95.099365
1634.3503	97.362915
1634.4866	95.526436
1634.6227	90.876778
1634.7589	86.202179
1634.8951	83.624321
1635.0314	82.398224
1635.1675	80.20652
1635.3037	76.872017
1635.4399	75.617989
1635.5762	75.331032
1635.7123	76.596504
1635.8485	76.995689
1635.9847	78.094475
1636.121	80.534248
1636.2572	82.82505
1636.3933	83.841751
1636.5295	82.834106
1636.6658	81.871605
1636.802	81.836266
1636.9381	80.141098
1637.0743	76.242401
1637.2106	72.482864
1637.3468	71.83976
1637.483	73.697273
1637.6191	75.068611
1637.7554	77.97435
1637.8916	82.22673
1638.0278	85.961327
1638.1639	84.535667
1638.3002	78.721405
1638.4364	73.552994
1638.5726	72.568413
1638.7087	75.852272
1638.845	79.482674
1638.9812	81.494225
1639.1174	82.385994
1639.2537	83.533058
1639.3898	85.447769
1639.526	85.78595
1639.6622	86.247559
1639.7985	86.915863
1639.9346	89.116005
1640.0708	90.099205
1640.207	88.097748
1640.3433	84.485374
1640.4795	81.399551
1640.6156	81.957016
1640.7518	83.796822
1640.8881	86.395981
1641.0243	88.085686
1641.1604	88.482437
1641.2966	88.724846
1641.4329	88.03038
1641.5691	88.589691
1641.7052	88.173019
1641.8414	84.915215
1641.9777	81.619629
1642.1139	79.378784
1642.2501	81.140182
1642.3862	82.464104
1642.5225	84.376801
1642.6587	86.878944
1642.7949	89.703346
1642.931	91.246994
1643.0673	89.808594
1643.2035	86.696075
1643.3397	83.783905
1643.476	82.10775
1643.6121	82.670441
1643.7483	84.403168
1643.8845	86.363693
1644.0208	87.250542
1644.1569	86.467255
1644.2931	84.79557
1644.4293	80.842606
1644.5656	77.228683
1644.7017	75.97261
1644.8379	76.195999
1644.9741	76.612061
1645.1104	76.56823
1645.2466	79.900307
1645.3827	84.130035
1645.5189	90.884041
1645.6552	94.57946
1645.7914	98.540359
1645.9275	97.78299
1646.0637	96.372803
1646.2	93.99884
1646.3362	90.332207
1646.4723	86.888237
1646.6085	82.560524
1646.7448	83.284294
1646.881	86.184174
1647.0172	90.112366
1647.1533	91.472496
1647.2896	91.728279
1647.4258	92.929642
1647.562	95.632492
1647.6981	97.268356
1647.8344	97.114746
1647.9706	95.93486
1648.1068	95.742622
1648.243	95.305611
1648.3792	92.396355
1648.5154	87.470291
1648.6516	84.820747
1648.7878	84.781013
1648.924	85.877388
1649.0602	85.164711
1649.1964	85.884995
1649.3326	87.600525
1649.4688	89.524902
1649.605	88.25631
1649.7412	86.805344
1649.8774	86.595604
1650.0137	91.491562
1650.1498	96.348892
1650.286	100.26593
1650.4222	99.166817
1650.5585	95.962624
1650.6946	92.731743
1650.8308	90.727394
1650.967	90.501686
1651.1033	89.739258
1651.2395	89.878181
1651.3756	89.544815
1651.5118	89.360542
1651.6481	87.402687
1651.7843	85.646255
1651.9204	83.126076
1652.0566	81.186195
1652.1929	79.422394
1652.3291	80.080704
1652.4652	81.110909
1652.6014	81.331734
1652.7377	80.48716
1652.8739	81.341515
1653.0101	83.263458
1653.1462	85.831375
1653.2825	89.517586
1653.4187	92.592789
1653.5549	93.431824
1653.691	89.647873
1653.8273	86.141144
1653.9635	83.747864
1654.0997	83.546127
1654.236	83.224678
1654.3721	83.925774
1654.5083	86.559326
1654.6445	89.077835
1654.7808	89.587631
1654.9169	89.071716
1655.0531	88.376991
1655.1893	89.345367
1655.3256	87.373848
1655.4617	85.228157
1655.5979	81.912865
1655.7341	80.488853
1655.8704	79.341881
1656.0066	79.18438
1656.1427	80.861534
1656.2789	83.004379
1656.4152	84.072189
1656.5514	82.903259
1656.6875	80.882019
1656.8237	79.657455
1656.96	79.000908
1657.0962	79.114861
1657.2324	80.093399
1657.3685	82.893944
1657.5048	86.668526
1657.641	90.196999
1657.7772	90.607376
1657.9133	88.809174
1658.0496	85.947266
1658.1858	84.497765
1658.322	83.396317
1658.4581	82.762245
1658.5944	83.957634
1658.7306	85.699799
1658.8668	88.857735
1659.0031	92.143082
1659.1392	96.452553
1659.2754	98.839226
1659.4116	94.468925
1659.5479	89.005379
1659.684	83.3927
1659.8202	84.111244
1659.9564	84.862938
1660.0927	86.603447
1660.2288	86.198349
1660.365	86.330086
1660.5012	85.051102
1660.6375	83.743637
1660.7737	81.215057
1660.9098	81.387817
1661.046	85.231689
1661.1823	89.537498
1661.3185	94.064896
1661.4546	95.028954
1661.5908	95.648689
1661.7271	94.723434
1661.8633	94.020004
1661.9995	94.054321
1662.1356	91.882896
1662.2719	88.687347
1662.4081	85.404144
1662.5443	82.626396
1662.6804	82.109993
1662.8167	81.334137
1662.9529	81.746964
1663.0891	79.295441
1663.2252	76.61953
1663.3615	73.80957
1663.4977	73.459778
1663.6339	73.268204
1663.7701	75.349236
1663.9063	79.73642
1664.0425	84.440582
1664.1787	87.722893
1664.3149	89.618759
1664.451	91.135056
1664.5873	89.562004
1664.7235	85.537041
1664.8597	81.858177
1664.996	79.73288
1665.1321	78.589439
1665.2683	76.818901
1665.4045	75.853508
1665.5408	75.681435
1665.6769	75.644302
1665.8131	76.704582
1665.9493	76.396553
1666.0856	76.345062
1666.2217	76.689377
1666.3579	79.503174
1666.4941	81.385033
1666.6304	82.750648
1666.7666	84.538101
1666.9027	86.534561
1667.0389	87.136467
1667.1752	85.154938
1667.3114	84.51651
1667.4475	82.806099
1667.5837	80.04792
1667.72	76.493149
1667.8562	75.647636
1667.9924	77.56797
1668.1285	78.372269
1668.2648	79.317772
1668.401	79.903801
1668.5372	82.363281
1668.6733	84.33712
1668.8096	85.914993
1668.9458	86.763878
1669.082	86.280617
1669.2181	85.151314
1669.3544	83.537727
1669.4906	83.002235
1669.6268	84.035271
1669.7631	85.781967
1669.8992	88.44342
1670.0354	89.599991
1670.1716	90.445374
1670.3079	91.775406
1670.444	93.839844
1670.5802	94.58593
1670.7164	93.527252
1670.8527	91.217102
1670.9889	90.080475
1671.125	89.735001
1671.2612	89.930649
1671.3975	91.611656
1671.5337	91.648499
1671.6698	91.774734
1671.806	90.350876
1671.9423	90.224251
1672.0785	89.470253
1672.2146	87.376488
1672.3508	87.633141
1672.4871	89.197388
1672.6233	92.286377
1672.7595	94.302742
1672.8956	95.233559
1673.0319	96.416275
1673.1681	95.477295
1673.3043	94.820412
1673.4404	93.755974
1673.5767	94.764725
1673.7129	96.546211
1673.8491	98.73996
1673.9852	101.3428
1674.1215	103.12218
1674.2577	103.51244
1674.3939	97.242195
1674.5302	89.01902
1674.6663	81.699814
1674.8025	81.083153
1674.9387	82.097099
1675.075	84.066872
1675.2111	85.136925
1675.3473	86.528946
1675.4835	86.094383
1675.6198	88.997231
1675.756	91.646439
1675.8921	96.456139
1676.0283	101.0293
1676.1646	106.25824
1676.3008	109.09216
1676.4369	104.2403
1676.5731	97.822273
1676.7094	91.957924
1676.8456	88.998413
1676.9817	85.783569
1677.1179	81.975204
1677.2542	78.657021
1677.3904	77.359482
1677.5266	79.163368
1677.6627	82.183464
1677.799	84.635483
1677.9352	85.720512
1678.0714	86.596367
1678.2075	86.637848
1678.3438	84.912003
1678.48	83.532829
1678.6162	82.783661
1678.7524	84.458527
1678.8885	83.474365
1679.0248	82.115646
1679.161	80.426521
1679.2972	78.356735
1679.4333	76.129845
1679.5696	73.09845
1679.7058	77.843636
1679.842	83.428253
1679.9781	86.828331
1680.1144	82.850311
1680.2506	77.929802
1680.3868	75.457047
1680.5231	76.664795
1680.6592	78.632149
1680.7954	81.002197
1680.9316	81.622948
1681.0679	81.953293
1681.204	82.916611
1681.3402	83.336342
1681.4764	83.53968
1681.6127	83.576195
1681.7489	85.010345
1681.885	86.318588
1682.0212	85.254822
1682.1575	81.737167
1682.2937	78.870644
1682.4298	78.14856
1682.566	81.722717
1682.7023	85.165382
1682.8385	88.796211
1682.9746	88.928108
1683.1108	88.971718
1683.2471	87.681526
1683.3833	86.554115
1683.5195	85.192909
1683.6556	83.724976
1683.7919	85.784157
1683.9281	87.863701
1684.0643	89.934525
1684.2004	88.017387
1684.3367	86.096878
1684.4729	86.835678
1684.6091	88.687614
1684.7454	90.811333
1684.8815	89.344604
1685.0177	87.555656
1685.1539	85.818703
1685.2902	83.789055
1685.4263	83.564308
1685.5625	83.183647
1685.6987	85.821335
1685.835	88.324333
1685.9711	90.634109
1686.1073	90.190643
1686.2435	85.066368
1686.3798	79.934944
1686.516	76.511276
1686.6521	76.849396
1686.7883	76.976105
1686.9246	76.530663
1687.0608	78.460152
1687.1969	81.035408
1687.3331	82.89724
1687.4694	80.472061
1687.6056	78.240074
1687.7417	78.521202
1687.8779	80.619835
1688.0142	82.261597
1688.1504	81.732613
1688.2866	78.881889
1688.4227	75.288536
1688.559	74.484016
1688.6952	78.904427
1688.8314	84.511177
1688.9675	88.340332
1689.1038	88.669601
1689.24	88.898674
1689.3762	89.475792
1689.5125	90.395538
1689.6486	90.731049
1689.7848	91.013481
1689.921	92.506073
1690.0573	93.585922
1690.1934	92.387169
1690.3296	88.542763
1690.4658	85.842422
1690.6021	86.796478
1690.7382	90.052521
1690.8744	92.657883
1691.0106	92.691017
1691.1469	91.806946
1691.2831	91.084808
1691.4192	90.206459
1691.5554	88.55629
1691.6917	87.226799
1691.8279	88.060402
1691.964	91.58654
1692.1002	94.889549
1692.2365	98.043221
1692.3727	98.408897
1692.5089	98.629112
1692.645	98.966438
1692.7813	99.736961
1692.9175	100.35445
1693.0537	97.935432
1693.1898	95.536644
1693.326	92.177322
1693.4623	87.924332
1693.5985	83.212006
1693.7346	78.707726
1693.8708	76.20472
1694.0071	75.182198
1694.1433	75.942696
1694.2795	78.695274
1694.4156	81.257362
1694.5519	82.752434
1694.6881	84.575264
1694.8243	87.032631
1694.9604	89.888824
1695.0967	92.85965
1695.2329	94.660774
1695.3691	95.320152
1695.5054	91.69912
1695.6415	87.484947
1695.7777	83.617012
1695.9139	81.392532
1696.0502	78.873367
1696.1863	77.351295
1696.3225	78.453148
1696.4587	81.441048
1696.595	83.440689
1696.7311	82.965118
1696.8673	81.084579
1697.0035	79.423996
1697.1398	76.552971
1697.276	73.058823
1697.4121	69.818939
1697.5483	70.650879
1697.6846	72.973305
1697.8208	75.510368
1697.9569	79.826088
1698.0931	85.45208
1698.2294	90.732628
1698.3656	90.547379
1698.5018	88.868134
1698.6379	87.747772
1698.7742	86.950539
1698.9104	85.428627
1699.0466	83.721962
1699.1827	83.649612
1699.319	84.176254
1699.4552	85.850296
1699.5914	88.076935
1699.7275	89.428047
1699.8638	88.308731
1700	86.241173
