1200	181.80214
1200.1362	187.349
1200.2725	196.87016
1200.4086	205.90703
1200.5448	211.12999
1200.681	207.70737
1200.8173	203.64108
1200.9534	197.55006
1201.0896	192.55165
1201.2258	187.83319
1201.3621	186.26624
1201.4982	189.82129
1201.6344	194.21326
1201.7706	197.6637
1201.9069	197.51088
1202.0431	196.72682
1202.1792	193.82576
1202.3154	190.72047
1202.4517	187.69762
1202.5879	188.30783
1202.724	188.66418
1202.8602	188.47235
1202.9965	186.46072
1203.1327	185.71153
1203.2689	185.68971
1203.405	185.72533
1203.5413	190.19643
1203.6775	195.14095
1203.8137	200.09642
1203.9498	196.04141
1204.0861	191.12273
1204.2223	186.50299
1204.3585	185.51575
1204.4946	184.6261
1204.6309	184.21906
1204.7671	187.67601
1204.9033	191.79286
1205.0396	195.88004
1205.1757	194.99442
1205.3119	193.48529
1205.4481	191.69374
1205.5844	195.32196
1205.7205	199.99536
1205.8567	204.80183
1205.9929	203.02702
1206.1292	199.99696
1206.2654	195.56215
1206.4015	191.93045
1206.5377	188.54254
1206.674	186.14619
1206.8102	186.43459
1206.9463	187.41057
1207.0825	190.73552
1207.2188	195.07089
1207.355	198.42682
1207.4911	197.59521
1207.6273	198.0293
1207.7635	199.40144
1207.8998	202.91283
1208.036	205.3472
1208.1721	207.54137
1208.3083	210.23485
1208.4446	210.04298
1208.5808	209.69112
1208.7169	207.97992
1208.8531	206.3333
1208.9894	204.53287
1209.1256	203.77812
1209.2618	203.81364
1209.3979	203.89731
1209.5342	202.0175
1209.6704	196.68156
1209.8066	190.07048
1209.9427	186.38698
1210.079	189.99596
1210.2152	195.29752
1210.3514	200.39879
1210.4875	204.76007
1210.6238	209.50325
1210.76	212.53822
1210.8962	210.42517
1211.0325	206.63371
1211.1686	202.81436
1211.3048	201.05132
1211.441	199.9772
1211.5773	202.05244
1211.7134	207.71078
1211.8496	214.00752
1211.9858	217.23106
1212.1221	218.00439
1212.2583	218.12346
1212.3944	218.78906
1212.5306	217.93044
1212.6669	217.41429
1212.8031	216.99675
1212.9392	217.53526
1213.0754	217.65697
1213.2117	218.66672
1213.3479	222.24872
1213.484	225.8979
1213.6202	229.88754
1213.7565	232.67516
1213.8927	235.38788
1214.0289	235.32156
1214.165	234.20245
1214.3013	233.5728
1214.4375	235.62215
1214.5737	235.43497
1214.7098	234.44353
1214.8461	231.74454
1214.9823	229.63359
1215.1185	227.22639
1215.2546	224.21524
1215.3909	221.3566
1215.5271	219.69884
1215.6633	219.60078
1215.7996	219.01747
1215.9357	217.54057
1216.0719	216.64987
1216.2081	219.43288
1216.3444	222.65683
1216.4805	224.8479
1216.6167	225.10156
1216.7529	225.78674
1216.8892	225.52965
1217.0254	224.96501
1217.1615	223.25461
1217.2977	222.24821
1217.434	224.17226
1217.5702	227.37039
1217.7063	231.13831
1217.8425	230.10167
1217.9788	228.70738
1218.115	228.52835
1218.2511	230.57141
1218.3873	231.61794
1218.5236	229.03139
1218.6598	225.02335
1218.796	222.27116
1218.9321	221.56151
1219.0684	223.19417
1219.2046	224.47607
1219.3408	225.28107
1219.4769	229.19701
1219.6132	234.03865
1219.7494	241.37039
1219.8856	247.19685
1220.0219	251.57251
1220.158	253.37994
1220.2942	252.6472
1220.4304	252.79135
1220.5667	253.39511
1220.7028	254.12508
1220.839	253.91658
1220.9752	253.28839
1221.1115	250.94873
1221.2476	248.63702
1221.3838	245.95302
1221.52	242.36078
1221.6563	238.09732
1221.7925	233.42865
1221.9286	232.43517
1222.0648	234.01646
1222.201	236.27594
1222.3373	241.35347
1222.4734	245.72147
1222.6096	251.45122
1222.7458	255.38954
1222.8821	258.99164
1223.0183	261.79346
1223.1544	262.16385
1223.2906	260.29971
1223.4269	257.72723
1223.5631	256.51627
1223.6992	257.62152
1223.8354	258.97894
1223.9717	255.86003
1224.1079	250.47073
1224.244	245.85854
1224.3802	245.16466
1224.5165	244.50989
1224.6527	243.2394
1224.7889	243.49942
1224.925	246.83685
1225.0613	251.16228
1225.1975	253.72791
1225.3337	254.28514
1225.4698	255.35823
1225.6061	258.4798
1225.7423	260.46695
1225.8785	259.26279
1226.0148	253.47833
1226.1509	249.91862
1226.2871	247.44171
1226.4233	247.73891
1226.5596	249.03967
1226.6957	251.08888
1226.8319	257.55438
1226.9681	261.41177
1227.1044	264.00943
1227.2405	259.754
1227.3767	255.35532
1227.5129	252.32155
1227.6492	249.82381
1227.7854	246.39369
1227.9215	242.74394
1228.0577	246.4422
1228.194	254.20819
1228.3302	261.82434
1228.4663	263.87222
1228.6025	263.01108
1228.7388	262.10635
1228.875	264.99271
1229.0111	269.02051
1229.1473	272.2934
1229.2836	271.12665
1229.4198	268.89185
1229.556	268.44452
1229.6921	270.27353
1229.8284	273.5896
1229.9646	274.43378
1230.1008	271.54294
1230.2369	267.30612
1230.3732	264.21121
1230.5094	267.25165
1230.6456	272.41632
1230.7819	278.67667
1230.918	283.82556
1231.0542	286.90863
1231.1904	288.39374
1231.3267	287.28601
1231.4628	284.66068
1231.599	282.07059
1231.7352	281.13303
1231.8715	281.91043
1232.0076	283.42267
1232.1438	282.32001
1232.28	280.513
1232.4163	278.6593
1232.5525	278.55615
1232.6886	279.7533
1232.8248	281.31726
1232.9611	281.75912
1233.0973	278.30264
1233.2334	273.86813
1233.3696	270.33765
1233.5059	270.17606
1233.6421	271.11011
1233.7783	270.97491
1233.9144	269.26889
1234.0507	266.81998
1234.1869	265.95428
1234.3231	265.11987
1234.4592	264.07736
1234.5955	261.18201
1234.7317	259.55365
1234.8679	258.21326
1235.004	265.04736
1235.1403	273.29944
1235.2765	283.23264
1235.4127	288.57758
1235.549	293.24329
1235.6851	295.84198
1235.8213	293.89389
1235.9575	289.04193
1236.0938	283.6293
1236.2299	281.57861
1236.3661	281.73529
1236.5023	283.75153
1236.6385	288.11951
1236.7748	292.44583
1236.9109	296.47324
1237.0471	297.70575
1237.1833	298.38751
1237.3196	298.66162
1237.4557	299.49353
1237.5919	299.98608
1237.7281	301.38199
1237.8644	300.40231
1238.0005	296.18533
1238.1367	292.31793
1238.2729	290.96112
1238.4092	292.73602
1238.5454	291.65012
1238.6815	290.69598
1238.8177	291.814
1238.954	295.31363
1239.0902	300.4892
1239.2263	305.24924
1239.3625	309.83395
1239.4988	309.35205
1239.635	304.18561
1239.7712	297.79993
1239.9073	293.7952
1240.0436	292.08237
1240.1798	292.16211
1240.316	295.73392
1240.4521	301.95715
1240.5884	306.97183
1240.7246	312.70203
1240.8608	317.54916
1240.9969	322.79584
1241.1332	326.14322
1241.2694	324.93512
1241.4056	324.50266
1241.5419	314.81912
1241.678	304.0824
1241.8142	292.54254
1241.9504	289.13251
1242.0867	290.87073
1242.2228	292.46692
1242.359	298.41101
1242.4952	304.60547
1242.6315	311.25031
1242.7676	314.00223
1242.9038	315.03882
1243.04	315.62433
1243.1763	311.49506
1243.3125	307.12958
1243.4486	302.99026
1243.5848	305.52045
1243.7211	309.30487
1243.8573	313.47208
1243.9934	314.60663
1244.1296	313.11392
1244.2659	310.33414
1244.4021	304.35272
1244.5383	300.29572
1244.6744	297.01483
1244.8107	301.5004
1244.9469	306.42078
1245.0831	311.01196
1245.2192	310.8093
1245.3555	307.04434
1245.4917	304.25256
1245.6279	304.38397
1245.764	309.15402
1245.9003	313.737
1246.0365	311.41681
1246.1727	304.45679
1246.309	296.98279
1246.4451	296.32123
1246.5813	298.36346
1246.7175	300.1073
1246.8538	303.22263
1246.9899	308.03693
1247.1261	313.90491
1247.2623	315.65195
1247.3986	313.57111
1247.5348	311.13663
1247.6709	310.99194
1247.8071	314.69299
1247.9434	318.06201
1248.0796	320.03137
1248.2157	319.73325
1248.3519	320.36359
1248.4882	320.39844
1248.6244	319.89349
1248.7605	318.88049
1248.8967	318.24908
1249.033	317.76212
1249.1692	316.96252
1249.3054	318.66757
1249.4415	321.34503
1249.5778	323.96185
1249.714	324.42542
1249.8502	326.98395
1249.9863	329.71646
1250.1226	336.73694
1250.2588	340.9317
1250.395	344.87421
1250.5313	344.56485
1250.6674	344.64749
1250.8036	345.02536
1250.9398	342.14481
1251.076	336.49841
1251.2122	331.4165
1251.3484	329.92023
1251.4846	328.8898
1251.6208	326.68799
1251.757	322.49951
1251.8932	317.06528
1252.0294	312.16125
1252.1656	311.45071
1252.3019	314.61887
1252.438	318.15747
1252.5742	320.68738
1252.7104	326.16412
1252.8467	331.32724
1252.9828	335.19965
1253.119	333.50772
1253.2552	332.33423
1253.3915	334.01785
1253.5277	337.83932
1253.6638	341.14209
1253.8	345.15158
1253.9363	350.85117
1254.0725	356.82492
1254.2086	359.2356
1254.3448	359.51337
1254.4811	360.14148
1254.6173	360.36386
1254.7534	359.36258
1254.8896	356.97568
1255.0259	354.38126
1255.1621	352.98825
1255.2983	351.74933
1255.4344	353.76199
1255.5707	356.04803
1255.7069	359.11792
1255.8431	362.14352
1255.9792	365.44861
1256.1155	368.24374
1256.2517	369.74594
1256.3879	371.00381
1256.524	373.32822
1256.6603	376.65738
1256.7965	377.83569
1256.9327	377.63437
1257.069	373.36646
1257.2051	368.6507
1257.3413	364.36865
1257.4775	362.88928
1257.6138	364.80649
1257.7499	367.04385
1257.8861	371.93076
1258.0223	374.51035
1258.1586	376.21365
1258.2948	373.95303
1258.4309	371.76425
1258.5671	370.06378
1258.7034	368.6593
1258.8396	368.64194
1258.9757	368.44678
1259.1119	369.87802
1259.2482	372.54239
1259.3844	375.4938
1259.5205	379.30576
1259.6567	381.97186
1259.793	384.40543
1259.9292	385.2337
1260.0654	385.01578
1260.2015	385.22964
1260.3378	385.659
1260.474	382.47742
1260.6102	378.082
1260.7463	371.56149
1260.8826	370.9873
1261.0188	371.18057
1261.155	375.27463
1261.2913	378.87906
1261.4274	381.93765
1261.5636	384.40125
1261.6998	389.27106
1261.8361	395.2269
1261.9722	402.31683
1262.1084	406.70612
1262.2446	410.6178
1262.3809	410.43097
1262.517	406.74158
1262.6532	402.91998
1262.7894	400.41821
1262.9257	399.55295
1263.0619	398.59952
1263.198	399.19919
1263.3342	403.98901
1263.4705	408.90796
1263.6067	411.48242
1263.7428	408.04352
1263.879	404.61832
1264.0153	401.73743
1264.1515	400.16193
1264.2877	398.30722
1264.4238	398.26212
1264.5601	404.42795
1264.6963	410.56268
1264.8325	416.30396
1264.9686	418.04263
1265.1049	420.01993
1265.2411	422.13428
1265.3773	422.17316
1265.5134	421.80441
1265.6497	419.70123
1265.7859	420.86066
1265.9221	422.6084
1266.0583	425.43921
1266.1945	422.95712
1266.3307	420.16522
1266.4669	416.70328
1266.6031	412.97839
1266.7393	408.74066
1266.8755	404.60788
1267.0117	409.22455
1267.1479	414.93979
1267.2842	421.74927
1267.4203	421.19431
1267.5565	420.8476
1267.6927	422.95621
1267.829	428.85684
1267.9651	433.1123
1268.1013	431.36432
1268.2375	432.19064
1268.3738	434.13412
1268.5099	438.12097
1268.6461	438.43103
1268.7823	439.27158
1268.9186	442.16223
1269.0548	444.21417
1269.1909	445.01401
1269.3271	443.76251
1269.4634	441.03107
1269.5996	438.65796
1269.7357	437.50336
1269.8719	436.47662
1270.0082	435.60065
1270.1444	434.31317
1270.2805	437.51224
1270.4167	440.60471
1270.553	443.6795
1270.6892	444.3782
1270.8254	445.55112
1270.9615	446.25345
1271.0978	452.97217
1271.234	459.84045
1271.3702	467.38608
1271.5063	468.44095
1271.6426	468.89798
1271.7788	470.03156
1271.915	470.63342
1272.0513	470.96188
1272.1874	467.73758
1272.3236	466.68283
1272.4598	465.7717
1272.5961	466.56152
1272.7322	468.81229
1272.8684	471.69485
1273.0046	477.73608
1273.1409	482.76645
1273.277	486.89951
1273.4132	487.15375
1273.5494	481.70837
1273.6857	475.81482
1273.8219	472.33752
1273.958	475.84201
1274.0942	480.5452
1274.2305	483.19644
1274.3667	482.38043
1274.5028	480.88861
1274.639	482.04092
1274.7753	485.16962
1274.9115	488.46301
1275.0477	490.43454
1275.1838	490.75146
1275.3201	490.31891
1275.4563	487.58932
1275.5925	483.72803
1275.7286	480.86349
1275.8649	479.78787
1276.0011	479.2027
1276.1373	478.26877
1276.2734	478.21936
1276.4097	481.64023
1276.5459	484.52246
1276.6821	485.2486
1276.8184	487.65778
1276.9545	490.46869
1277.0907	494.8985
1277.2269	498.69168
1277.3632	503.66412
1277.4993	511.47693
1277.6355	516.96246
1277.7717	520.94409
1277.908	520.47351
1278.0442	517.65607
1278.1803	514.52448
1278.3165	511.19946
1278.4528	512.86139
1278.589	514.8512
1278.7251	520.02209
1278.8613	523.78339
1278.9976	527.50391
1279.1338	528.93909
1279.2699	528.71594
1279.4061	528.21893
1279.5424	528.28821
1279.6786	530.82141
1279.8148	534.31982
1279.9509	537.88727
1280.0872	534.03259
1280.2234	529.7287
1280.3596	525.45343
1280.4957	527.67456
1280.632	529.0415
1280.7682	529.36108
1280.9044	530.4884
1281.0406	532.33466
1281.1768	536.47638
1281.313	542.00262
1281.4492	547.08429
1281.5854	549.56036
1281.7216	547.13177
1281.8578	544.39606
1281.994	542.32629
1282.1302	543.30884
1282.2664	544.46448
1282.4026	546.55066
1282.5388	550.53864
1282.675	554.40417
1282.8113	556.935
1282.9474	559.5332
1283.0836	562.62897
1283.2198	567.96118
1283.3561	572.2085
1283.4922	576.06659
1283.6284	576.95923
1283.7646	569.52228
1283.9009	560.59656
1284.037	552.84265
1284.1732	552.29602
1284.3094	553.18182
1284.4457	556.88098
1284.5819	566.21808
1284.718	575.38037
1284.8542	582.38239
1284.9905	580.53156
1285.1267	577.74939
1285.2628	572.34845
1285.399	567.8493
1285.5353	563.79425
1285.6715	562.63495
1285.8077	568.25159
1285.9438	574.11444
1286.0801	579.64905
1286.2163	580.07953
1286.3525	579.51532
1286.4886	577.17194
1286.6249	575.83917
1286.7611	575.19965
1286.8973	576.1673
1287.0334	577.85162
1287.1697	579.04523
1287.3059	578.75732
1287.4421	579.32098
1287.5784	579.76862
1287.7145	581.29572
1287.8507	583.71332
1287.9869	586.71454
1288.1232	589.92212
1288.2593	587.78027
1288.3955	584.70544
1288.5317	582.19476
1288.668	584.20551
1288.8042	586.66095
1288.9403	587.68311
1289.0765	591.9436
1289.2128	596.50226
1289.349	602.25555
1289.4851	604.27783
1289.6213	605.75891
1289.7576	606.64838
1289.8938	611.45569
1290.0299	617.32654
1290.1661	623.94391
1290.3024	623.35718
1290.4386	620.75714
1290.5748	616.64441
1290.7109	614.56488
1290.8472	613.05835
1290.9834	611.82166
1291.1196	615.1626
1291.2557	619.60785
1291.392	626.68182
1291.5282	632.64539
1291.6644	636.93506
1291.8007	637.6449
1291.9368	636.6839
1292.073	636.29913
1292.2092	638.19055
1292.3455	643.72083
1292.4816	649.22552
1292.6178	653.51331
1292.754	655.01105
1292.8903	655.97034
1293.0264	656.633
1293.1626	654.98517
1293.2988	652.81885
1293.4351	653.0108
1293.5713	653.76538
1293.7074	654.66687
1293.8436	652.35156
1293.9799	648.82098
1294.1161	644.35986
1294.2522	641.79633
1294.3884	642.88147
1294.5247	645.04877
1294.6609	648.49219
1294.797	654.60132
1294.9332	660.76501
1295.0695	664.83136
1295.2057	664.46124
1295.3419	663.13202
1295.478	662.16205
1295.6143	661.55695
1295.7505	661.4292
1295.8867	664.67303
1296.0228	673.80914
1296.1591	682.93573
1296.2953	688.18933
1296.4315	688.01563
1296.5677	687.88074
1296.7039	689.09869
1296.8401	690.10504
1296.9763	691.43921
1297.1125	691.92322
1297.2487	695.92908
1297.3849	699.05536
1297.5211	701.77863
1297.6573	703.427
1297.7935	705.23083
1297.9297	709.76636
1298.0659	709.98486
1298.2021	709.66309
1298.3384	706.25189
1298.4745	707.13849
1298.6107	709.05212
1298.7469	713.91504
1298.8832	718.10791
1299.0193	721.46588
1299.1555	723.04077
1299.2917	722.68542
1299.428	722.65283
1299.5642	721.90387
1299.7003	723.55243
1299.8365	725.93536
1299.9728	730.51801
1300.109	734.77399
1300.2451	737.92596
1300.3813	740.2796
1300.5176	743.92377
1300.6538	748.43005
1300.7899	752.33093
1300.9261	753.25537
1301.0624	754.13312
1301.1986	753.32721
1301.3348	749.94196
1301.4709	745.59576
1301.6072	743.09052
1301.7434	746.16785
1301.8796	750.06946
1302.0157	754.82507
1302.152	758.49109
1302.2882	762.33911
1302.4244	765.09625
1302.5607	764.50714
1302.6968	762.57416
1302.833	758.61969
1302.9692	760.36853
1303.1055	763.28455
1303.2416	768.75018
1303.3778	771.46796
1303.514	773.73248
1303.6503	774.20044
1303.7864	776.53882
1303.9226	779.92914
1304.0588	786.8017
1304.1951	797.45245
1304.3313	808.38013
1304.4674	814.79498
1304.6036	812.94073
1304.7399	809.71417
1304.8761	808.4588
1305.0122	810.96478
1305.1484	813.80865
1305.2847	817.96918
1305.4209	823.80096
1305.5571	830.13873
1305.6932	834.35468
1305.8295	832.19794
1305.9657	828.04492
1306.1019	822.70795
1306.238	821.16406
1306.3743	821.61194
1306.5105	823.85785
1306.6467	832.09216
1306.7828	840.78583
1306.9191	849.2373
1307.0553	852.51788
1307.1915	854.80371
1307.3278	858.21619
1307.4639	861.39868
1307.6001	863.38751
1307.7363	864.64545
1307.8726	867.75299
1308.0087	872.21289
1308.1449	875.284
1308.2811	872.32196
1308.4174	868.5191
1308.5535	867.0351
1308.6897	868.77917
1308.8259	869.82269
1308.9622	870.1604
1309.0984	873.86285
1309.2345	880.47821
1309.3707	887.82056
1309.507	892.65497
1309.6432	895.42157
1309.7793	898.90582
1309.9155	906.15594
1310.0518	912.17017
1310.188	914.8103
1310.3242	916.96051
1310.4603	921.33392
1310.5966	925.85028
1310.7328	927.33801
1310.869	929.5722
1311.0051	932.74432
1311.1414	936.97894
1311.2776	939.50317
1311.4138	940.80652
1311.5499	940.69104
1311.6862	940.20001
1311.8224	942.17267
1311.9586	943.12262
1312.0948	942.99072
1312.231	943.24762
1312.3672	950.03784
1312.5034	958.64056
1312.6396	966.52783
1312.7758	970.1925
1312.912	974.04816
1313.0482	975.78809
1313.1844	980.94843
1313.3207	986.40967
1313.4568	993.36041
1313.593	997.72601
1313.7292	1000.4642
1313.8655	1004.1161
1314.0016	1007.5601
1314.1378	1011.4697
1314.274	1011.858
1314.4103	1009.3787
1314.5464	1008.1738
1314.6826	1009.9329
1314.8188	1019.3203
1314.9551	1028.8505
1315.0913	1039.9806
1315.2274	1051.5439
1315.3636	1061.7122
1315.4999	1069.3475
1315.6361	1067.9719
1315.7722	1064.5002
1315.9084	1060.6287
1316.0447	1061.6349
1316.1809	1065.1676
1316.3171	1069.0471
1316.4532	1071.8562
1316.5895	1073.635
1316.7257	1078.1418
1316.8619	1084.9994
1316.998	1092.9812
1317.1343	1097.8938
1317.2705	1098.9681
1317.4067	1098.1595
1317.5428	1097.0295
1317.6791	1096.8955
1317.8153	1097.4757
1317.9515	1099.5966
1318.0878	1103.9719
1318.2239	1108.0966
1318.3601	1111.9275
1318.4963	1118.285
1318.6326	1125.573
1318.7687	1130.7543
1318.9049	1134.3831
1319.0411	1138.2769
1319.1774	1144.1151
1319.3136	1151.7325
1319.4497	1159.2742
1319.5859	1168.6606
1319.7222	1173.4358
1319.8584	1177.2269
1319.9945	1178.1666
1320.1307	1181.6882
1320.267	1183.8318
1320.4032	1185.0221
1320.5393	1188.505
1320.6755	1194.3658
1320.8118	1203.683
1320.948	1211.6862
1321.0842	1219.0376
1321.2203	1224.9163
1321.3566	1231.0387
1321.4928	1237.0912
1321.629	1243.0469
1321.7651	1248.873
1321.9014	1253.9009
1322.0376	1259.6451
1322.1738	1262.5319
1322.3099	1264.6741
1322.4462	1265.8556
1322.5824	1271.7601
1322.7186	1278.8376
1322.8549	1283.7686
1322.991	1287.4825
1323.1272	1290.3975
1323.2634	1296.3516
1323.3997	1303.1761
1323.5358	1310.844
1323.672	1316.9122
1323.8082	1318.2356
1323.9445	1317.7769
1324.0807	1317.3447
1324.2168	1322.1287
1324.353	1327.7251
1324.4893	1334.8516
1324.6255	1342.8293
1324.7616	1351.7377
1324.8978	1359.8424
1325.0341	1367.5892
1325.1703	1374.6394
1325.3064	1383.1409
1325.4426	1393.6583
1325.5789	1402.5121
1325.7151	1410.4769
1325.8513	1407.7965
1325.9874	1404.1017
1326.1237	1400.249
1326.2599	1403.7566
1326.3961	1409.592
1326.5322	1416.1881
1326.6685	1430.28
1326.8047	1443.9381
1326.9409	1457.4473
1327.0771	1463.0841
1327.2133	1466.9713
1327.3495	1467.4989
1327.4857	1464.708
1327.6219	1462.6311
1327.7581	1463.5594
1327.8943	1469.1639
1328.0305	1475.0732
1328.1667	1481.5989
1328.3029	1492.5098
1328.4391	1503.4285
1328.5753	1512.1969
1328.7115	1516.6472
1328.8478	1521.1016
1328.9839	1527.6271
1329.1201	1537.8928
1329.2563	1546.3187
1329.3926	1553.3556
1329.5287	1558.2407
1329.6649	1562.7561
1329.8011	1567.1896
1329.9374	1574.3804
1330.0736	1584.4697
1330.2097	1596.5115
1330.3459	1604.3942
1330.4822	1609.6475
1330.6184	1615.068
1330.7545	1622.1514
1330.8907	1629.0862
1331.027	1635.7471
1331.1632	1646.3678
1331.2993	1657.7924
1331.4355	1668.2603
1331.5718	1677.2239
1331.708	1686.4033
1331.8442	1695.575
1331.9803	1703.1774
1332.1166	1709.6649
1332.2528	1716.6974
1332.389	1720.0509
1332.5251	1721.1964
1332.6614	1723.833
1332.7976	1731.3605
1332.9338	1741.7627
1333.0701	1751.782
1333.2062	1765.4362
1333.3424	1778.6239
1333.4786	1791.7555
1333.6149	1802.704
1333.751	1810.9301
1333.8872	1817.7537
1334.0234	1826.2516
1334.1597	1836.9969
1334.2958	1849.3403
1334.432	1863.1346
1334.5682	1875.2441
1334.7045	1887.1591
1334.8407	1894.9453
1334.9768	1902.0243
1335.113	1908.2682
1335.2493	1913.7947
1335.3855	1919.7811
1335.5216	1927.0917
1335.6578	1936.3741
1335.7941	1945.8109
1335.9303	1954.5166
1336.0664	1962.0265
1336.2026	1966.5769
1336.3389	1971.7007
1336.4751	1980.1515
1336.6113	1990.3785
1336.7474	2000.4202
1336.8837	2011.6151
1337.0199	2022.6698
1337.1561	2034.8402
1337.2922	2045.9188
1337.4285	2056.665
1337.5647	2067.6792
1337.7009	2079.6179
1337.8372	2090.8103
1337.9733	2101.4231
1338.1095	2114.5017
1338.2457	2127.6125
1338.382	2139.5735
1338.5181	2147.3994
1338.6543	2155.394
1338.7905	2165.6353
1338.9268	2178.8962
1339.0629	2193.6792
1339.1991	2207.1853
1339.3353	2219.292
1339.4716	2228.8591
1339.6078	2238.4023
1339.7439	2249.7629
1339.8801	2261.426
1340.0164	2274.8169
1340.1526	2287.4714
1340.2887	2300.0742
1340.4249	2309.0498
1340.5612	2315.6677
1340.6974	2321.5696
1340.8336	2330.2732
1340.9697	2337.1328
1341.106	2343.4839
1341.2422	2349.2825
1341.3784	2359.2917
1341.5145	2371.0542
1341.6508	2383.6533
1341.787	2401.5144
1341.9232	2421.4893
1342.0593	2441.1575
1342.1956	2457.1079
1342.3318	2470.3806
1342.468	2482.803
1342.6042	2494.012
1342.7404	2504.7207
1342.8766	2515.3906
1343.0128	2522.4109
1343.149	2529.0298
1343.2852	2535.6648
1343.4214	2549.8689
1343.5576	2566.2795
1343.6938	2582.8567
1343.8301	2592.719
1343.9662	2598.647
1344.1024	2597.7039
1344.2386	2577.4998
1344.3749	2552.7656
1344.511	2533.8611
1344.6472	2535.1106
1344.7834	2540.8042
1344.9197	2547.9263
1345.0558	2563.6091
1345.192	2583.0552
1345.3282	2606.2175
1345.4645	2637.2007
1345.6007	2670.0325
1345.7368	2702.449
1345.873	2739.5039
1346.0093	2778.75
1346.1455	2816.647
1346.2816	2841.2495
1346.4178	2861.1104
1346.5541	2869.9326
1346.6903	2845.4441
1346.8265	2810.3262
1346.9626	2781.7192
1347.0989	2779.9539
1347.2351	2784.2754
1347.3713	2797.583
1347.5074	2835.5361
1347.6437	2884.4204
1347.7799	2925.075
1347.9161	2937.8992
1348.0522	2940.1711
1348.1885	2938.2253
1348.3247	2929.6704
1348.4609	2917.7588
1348.5972	2909.8015
1348.7333	2914.3298
1348.8695	2923.9585
1349.0057	2935.7131
1349.142	2949.1655
1349.2781	2962.2927
1349.4143	2972.1775
1349.5505	2972.6152
1349.6868	2968.5381
1349.8229	2968.9121
1349.9591	2988.4177
1350.0953	3016.1626
1350.2316	3044.8965
1350.3678	3074.3025
1350.5039	3103.812
1350.6401	3124.7659
1350.7764	3111.6147
1350.9126	3084.0579
1351.0487	3045.1892
1351.1849	2975.6721
1351.3212	2896.4565
1351.4574	2832.9031
1351.5936	2825.5474
1351.7297	2836.8464
1351.866	2854.7891
1352.0022	2887.0781
1352.1384	2924.6865
1352.2745	2950.7859
1352.4108	2949.738
1352.547	2938.959
1352.6832	2951.5208
1352.8193	3036.563
1352.9556	3148.9663
1353.0918	3251.0598
1353.228	3309.2363
1353.3643	3352.27
1353.5004	3370.9109
1353.6366	3324.6682
1353.7728	3250.0313
1353.9091	3193.6055
1354.0452	3189.4712
1354.1814	3205.4141
1354.3176	3229.0959
1354.4539	3283.4502
1354.5901	3350.3188
1354.7262	3406.0171
1354.8624	3421.2534
1354.9987	3421.3452
1355.1349	3425.9663
1355.271	3456.1377
1355.4072	3493.6157
1355.5435	3525.0503
1355.6797	3519.5857
1355.8158	3501.9399
1355.952	3468.8411
1356.0883	3399.0427
1356.2245	3312.1731
1356.3607	3255.7104
1356.4968	3306.5466
1356.6331	3398.6448
1356.7693	3491.5867
1356.9055	3572.0569
1357.0416	3648.7087
1357.1779	3691.0818
1357.3141	3621.6743
1357.4503	3509.55
1357.5865	3409.0691
1357.7227	3358.6853
1357.8589	3324.9084
1357.9951	3289.6843
1358.1313	3242.1047
1358.2675	3191.5122
1358.4037	3135.509
1358.5399	3056.4087
1358.6761	2968.9807
1358.8123	2893.1536
1358.9485	2872.9158
1359.0847	2869.7009
1359.2209	2909.3623
1359.3572	3086.9607
1359.4933	3315.4883
1359.6295	3545.4802
1359.7657	3767.8738
1359.902	3990.1958
1360.0381	4184.0073
1360.1743	4284.4014
1360.3105	4348.6372
1360.4468	4382.7085
1360.583	4325.7461
1360.7191	4234.293
1360.8553	4117.0723
1360.9916	3916.9783
1361.1278	3689.1296
1361.2639	3498.542
1361.4001	3448.4004
1361.5364	3441.1111
1361.6726	3450.7366
1361.8087	3489.6609
1361.9449	3544.9619
1362.0812	3615.468
1362.2174	3750.4756
1362.3536	3905.7815
1362.4897	4068.3843
1362.626	4248.2334
1362.7622	4436.0972
1362.8984	4598.106
1363.0345	4665.1758
1363.1708	4698.7529
1363.307	4711.7544
1363.4432	4679.9751
1363.5793	4625.7314
1363.7156	4570.4531
1363.8518	4497.4785
1363.988	4421.2886
1364.1243	4335.5991
1364.2604	4225.3525
1364.3966	4103.1016
1364.5328	4009.9932
1364.6691	4008.9153
1364.8052	4041.2434
1364.9414	4061.7827
1365.0776	4063.4075
1365.2139	4057.7764
1365.3501	4090.8765
1365.4862	4237.2534
1365.6224	4421.7266
1365.7587	4606.0581
1365.8949	4773.5322
1366.031	4938.2012
1366.1672	5054.2734
1366.3035	5017.2114
1366.4397	4924.5479
1366.5758	4848.8691
1366.712	4846.0928
1366.8483	4862.582
1366.9845	4876.3726
1367.1207	4865.2319
1367.2568	4851.4487
1367.3931	4812.4634
1367.5293	4713.5669
1367.6655	4587.0317
1367.8016	4507.7515
1367.9379	4566.832
1368.0741	4673.4058
1368.2103	4773.7817
1368.3466	4840.2197
1368.4827	4898.2212
1368.6189	4937.7485
1368.7551	4948.998
1368.8914	4946.2847
1369.0275	4974.1172
1369.1637	5080.8828
1369.2999	5215.3706
1369.4362	5338.4932
1369.5723	5422.8062
1369.7085	5494.6021
1369.8447	5557.0635
1369.981	5602.9565
1370.1172	5638.6567
1370.2533	5683.5957
1370.3895	5745.3755
1370.5258	5811.7729
1370.662	5863.7344
1370.7981	5873.4492
1370.9343	5869.0977
1371.0706	5851.2227
1371.2068	5792.981
1371.343	5718.5669
1371.4791	5660.0742
1371.6154	5669.9595
1371.7516	5698.687
1371.8878	5744.7822
1372.0239	5823.854
1372.1602	5917.3257
1372.2964	5989.8604
1372.4326	5994.6475
1372.5687	5975.7017
1372.705	5965.9346
1372.8412	5990.6665
1372.9774	6023.4785
1373.1136	6033.502
1373.2498	5966.8994
1373.386	5875.5054
1373.5222	5791.9189
1373.6584	5753.4238
1373.7946	5724.6997
1373.9308	5741.1123
1374.067	5884.7725
1374.2032	6072.6128
1374.3395	6247.895
1374.4756	6367.5161
1374.6118	6466.9634
1374.748	6508.7852
1374.8843	6373.7695
1375.0204	6181.8071
1375.1566	5984.8447
1375.2928	5805.375
1375.4291	5626.4858
1375.5652	5527.3091
1375.7014	5661.395
1375.8376	5867.373
1375.9739	6073.9355
1376.1101	6268.6558
1376.2462	6462.7734
1376.3824	6599.6567
1376.5187	6560.5396
1376.6549	6462.939
1376.791	6296.8638
1376.9272	5926.0977
1377.0635	5491.5771
1377.1997	5095.084
1377.3358	4851.1807
1377.472	4648.584
1377.6083	4559.9272
1377.7445	4793.8945
1377.8807	5128.1235
1378.0168	5461.8574
1378.1531	5769.4697
1378.2893	6071.1226
1378.4255	6303.8291
1378.5616	6326.3564
1378.6979	6283.3384
1378.8341	6143.1406
1378.9703	5719.0347
1379.1066	5207.8999
1379.2427	4754.2578
1379.3789	4523.6636
1379.5151	4353.3677
1379.6514	4311.647
1379.7875	4620.5728
1379.9237	5035.6147
1380.0599	5410.564
1380.1962	5638.8423
1380.3323	5827.2905
1380.4685	6002.5972
1380.6047	6167.6963
1380.741	6328.6055
1380.8772	6487.9536
1381.0133	6626.5205
1381.1495	6759.4316
1381.2858	6824.1338
1381.422	6683.9238
1381.5581	6482.6782
1381.6943	6319.9233
1381.8306	6294.4648
1381.9668	6305.749
1382.103	6348.3623
1382.2391	6468.8599
1382.3754	6614.1738
1382.5116	6746.6816
1382.6478	6848.9463
1382.7839	6943.4712
1382.9202	7045.4097
1383.0564	7167.5088
1383.1926	7294.8335
1383.3287	7427.6108
1383.465	7573.7188
1383.6012	7722.3955
1383.7374	7841.6035
1383.8737	7872.9473
1384.0098	7876.0674
1384.146	7803.6675
1384.2822	7497.813
1384.4185	7126.3325
1384.5546	6780.9927
1384.6908	6539.4775
1384.827	6329.4028
1384.9633	6228.9927
1385.0995	6455.1768
1385.2356	6775.2725
1385.3718	7096.7188
1385.5081	7408.916
1385.6443	7717.0415
1385.7804	7988.5757
1385.9166	8150.021
1386.0529	8277.0225
1386.1891	8359.6719
1386.3252	8312.8174
1386.4614	8232.3789
1386.5977	8184.3984
1386.7339	8242.21
1386.8701	8328.6162
1387.0062	8414.668
1387.1425	8500.5527
1387.2787	8585.082
1387.4149	8664.1113
1387.551	8726.9287
1387.6873	8783.1387
1387.8235	8833.1348
1387.9597	8865.3936
1388.0959	8888.8594
1388.2321	8873.8184
1388.3683	8735.3984
1388.5045	8558.9258
1388.6407	8316.4209
1388.7769	7872.2598
1388.9131	7383.5093
1389.0493	7000.6123
1389.1855	6959.5371
1389.3217	7013.145
1389.4579	7161.6694
1389.5941	7586.2256
1389.7303	8084.2617
1389.8666	8535.0723
1390.0027	8836.7051
1390.1389	9093.3926
1390.2751	9301.4883
1390.4114	9369.3691
1390.5475	9397.3789
1390.6837	9407.2783
1390.8199	9371.708
1390.9562	9316.6455
1391.0923	9207.8691
1391.2285	8922.6387
1391.3647	8594.5039
1391.501	8288.1035
1391.6372	8057.5518
1391.7733	7849.1133
1391.9095	7691.9805
1392.0458	7686.3784
1392.182	7721.4644
1392.3181	7781.4829
1392.4543	7915.6079
1392.5906	8063.187
1392.7268	8132.9185
1392.863	7960.7778
1392.9991	7734.8193
1393.1354	7601.7334
1393.2716	7767.6953
1393.4078	8013.5923
1393.5439	8293.7686
1393.6802	8664.9971
1393.8164	9054.5889
1393.9526	9416.624
1394.0887	9706.3271
1394.225	9972.2598
1394.3612	10202.796
1394.4974	10336.749
1394.6337	10447.179
1394.7698	10544.086
1394.906	10598.051
1395.0422	10639.531
1395.1785	10677.929
1395.3146	10709.646
1395.4508	10730.471
1395.587	10699.809
1395.7233	10510.843
1395.8595	10283.293
1395.9956	10047.943
1396.1318	9788.001
1396.2681	9526.0225
1396.4043	9299.4785
1396.5404	9184.79
1396.6766	9091.7002
1396.8129	8970.8271
1396.9491	8747.625
1397.0852	8507.1533
1397.2214	8326.7666
1397.3577	8346.6816
1397.4939	8416.9102
1397.6301	8522.6074
1397.7662	8727.6514
1397.9025	8955.5039
1398.0387	9192.1455
1398.1749	9454.4229
1398.311	9724.6025
1398.4473	10012.561
1398.5835	10368.815
1398.7197	10735.744
1398.856	11069.59
1398.9921	11310.908
1399.1283	11524.954
1399.2645	11695.093
1399.4008	11726.839
1399.5369	11726.771
1399.6731	11730.602
1399.8093	11750.421
1399.9456	11771.713
1400.0817	11787.836
1400.2179	11794.291
1400.3541	11793.632
1400.4904	11759.563
1400.6266	11623.117
1400.7627	11457.592
1400.8989	11267.936
1401.0352	11017.438
1401.1714	10753.725
1401.3075	10459.24
1401.4437	10032.188
1401.58	9594.2793
1401.7162	9328.8281
1401.8524	9589.1465
1401.9885	9963.8311
1402.1248	10372.481
1402.261	10910.114
1402.3972	11463.772
1402.5333	11933.895
1402.6696	12175.297
1402.8058	12358.133
1402.942	12460.313
1403.0781	12327.608
1403.2144	12140.845
1403.3506	11919.275
1403.4868	11576.422
1403.623	11215.075
1403.7592	10921.544
1403.8954	10794.024
1404.0316	10712.914
1404.1678	10741.276
1404.304	11119.525
1404.4402	11564.519
1404.5764	11977.328
1404.7126	12318.891
1404.8488	12635.979
1404.985	12883.244
1405.1212	12940.644
1405.2574	12948.251
1405.3937	12872.485
1405.5298	12563.931
1405.666	12208.44
1405.8022	11862.707
1405.9385	11495.622
1406.0746	11139.574
1406.2108	10934.305
1406.347	11146.687
1406.4833	11444.374
1406.6195	11773.07
1406.7556	12225.383
1406.8918	12692.557
1407.0281	13094.362
1407.1643	13332.029
1407.3004	13531.91
1407.4366	13697.783
1407.5729	13758.216
1407.7091	13796.405
1407.8452	13843.139
1407.9814	13905.291
1408.1177	13967.326
1408.2539	14013.102
1408.3901	14035.087
1408.5262	14047.525
1408.6625	14041.92
1408.7987	13962.063
1408.9349	13873.164
1409.071	13843.337
1409.2073	13982.924
1409.3435	14151.599
1409.4797	14314.062
1409.616	14475.878
1409.7521	14628.463
1409.8883	14720.526
1410.0245	14648.184
1410.1608	14537.251
1410.2969	14366.158
1410.4331	14047.597
1410.5693	13701.064
1410.7056	13400.396
1410.8417	13194.729
1410.9779	13015.354
1411.1141	12917.314
1411.2504	13021.613
1411.3866	13166.141
1411.5227	13345.903
1411.6589	13642.752
1411.7952	13954.979
1411.9314	14258.255
1412.0675	14539.717
1412.2037	14811.463
1412.34	15064.948
1412.4762	15276.94
1412.6124	15476.668
1412.7485	15648.638
1412.8848	15759.483
1413.021	15855.908
1413.1572	15933.854
1413.2933	15958.283
1413.4296	15968.591
1413.5658	15958.879
1413.702	15920.422
1413.8381	15874.24
1413.9744	15827.068
1414.1106	15750.201
1414.2468	15671.49
1414.3831	15644.211
1414.5192	15739.891
1414.6554	15850.955
1414.7916	15936.512
1414.9279	16006.297
1415.064	16062.838
1415.2002	16035.222
1415.3364	15778.978
1415.4727	15487.048
1415.6089	15265.096
1415.745	15183.673
1415.8812	15129.942
1416.0175	15135.016
1416.1537	15303.503
1416.2898	15496.217
1416.426	15697.582
1416.5623	15918.434
1416.6985	16137.081
1416.8346	16333.666
1416.9708	16492.678
1417.1071	16640.697
1417.2433	16778.129
1417.3795	16886.752
1417.5156	16988.379
1417.6519	17085.279
1417.7881	17178.59
1417.9243	17266.596
1418.0604	17360.008
1418.1967	17472.641
1418.3329	17585.686
1418.4691	17696.83
1418.6052	17810.32
1418.7415	17917.732
1418.8777	17993.619
1419.0139	18003.264
1419.1501	17998.018
1419.2863	17975.613
1419.4225	17919.398
1419.5587	17855.898
1419.6949	17792.842
1419.8311	17716.416
1419.9673	17633.717
1420.1035	17536.582
1420.2397	17402.877
1420.376	17262.127
1420.5121	17212.098
1420.6483	17349.039
1420.7845	17514.242
1420.9208	17706.889
1421.0569	18003.109
1421.1931	18302.979
1421.3293	18540.979
1421.4656	18651.389
1421.6017	18739.918
1421.7379	18796.02
1421.8741	18759.51
1422.0104	18709.707
1422.1466	18688.594
1422.2827	18713.383
1422.4189	18746.656
1422.5552	18804.832
1422.6914	18935.889
1422.8275	19075.965
1422.9637	19207.186
1423.1	19321.66
1423.2362	19429.492
1423.3724	19497.68
1423.5085	19484.201
1423.6448	19457.145
1423.781	19431.322
1423.9172	19389.939
1424.0533	19348.258
1424.1896	19314.049
1424.3258	19309.006
1424.462	19305.188
1424.5981	19297.328
1424.7344	19276.703
1424.8706	19255.533
1425.0068	19259.516
1425.1431	19311.787
1425.2792	19369.854
1425.4154	19443.51
1425.5516	19543.922
1425.6879	19646.025
1425.824	19740.303
1425.9602	19853.523
1426.0964	19966.436
1426.2327	20057.1
1426.3689	20078.979
1426.505	20092.641
1426.6412	20133.766
1426.7775	20236.686
1426.9137	20345.414
1427.0498	20431.078
1427.186	20493.67
1427.3223	20545.986
1427.4585	20537.639
1427.5946	20384.918
1427.7308	20214.775
1427.8671	20067.002
1428.0033	19953.762
1428.1395	19847.803
1428.2756	19785.809
1428.4119	19837.15
1428.5481	19897.074
1428.6843	19912.299
1428.8204	19810.582
1428.9567	19698.938
1429.0929	19661.891
1429.2291	19776.713
1429.3654	19912.418
1429.5015	20075.969
1429.6377	20322.729
1429.7739	20571.893
1429.9102	20762.348
1430.0463	20848.883
1430.1825	20917.24
1430.3187	20929.299
1430.455	20830.654
1430.5911	20715.176
1430.7273	20582.783
1430.8635	20364.596
1430.9998	20150.807
1431.136	20045.57
1431.2721	20175.424
1431.4083	20329.113
1431.5446	20478.479
1431.6808	20643.496
1431.8169	20804.66
1431.9531	20926.676
1432.0894	20979.818
1432.2256	21021.229
1432.3617	21028.34
1432.4979	20952.555
1432.6342	20870.701
1432.7704	20824.492
1432.9066	20844.777
1433.0427	20870.77
1433.179	20887.129
1433.3152	20904.828
1433.4514	20916.484
1433.5875	20880.219
1433.7238	20759.322
1433.86	20623.121
1433.9962	20450.924
1434.1324	20177.662
1434.2686	19906.799
1434.4048	19743.01
1434.541	19773.787
1434.6772	19829.992
1434.8134	19923.52
1434.9496	20120.297
1435.0858	20318.076
1435.222	20459.604
1435.3582	20515.605
1435.4944	20553.068
1435.6306	20519.426
1435.7668	20341.068
1435.9031	20151.969
1436.0392	20010.305
1436.1754	19922.451
1436.3116	19846.457
1436.4479	19809.76
1436.584	19882.613
1436.7202	19961.746
1436.8564	20018.439
1436.9927	20040.449
1437.1289	20055.461
1437.265	20045.83
1437.4012	19990.652
1437.5375	19920.906
1437.6737	19787.998
1437.8098	19529.209
1437.946	19268.746
1438.0823	19091.105
1438.2185	19048.139
1438.3546	19021.869
1438.4908	19021.395
1438.6271	19095.84
1438.7633	19166.725
1438.8995	19179.682
1439.0356	19107.588
1439.1719	19024.221
1439.3081	18932.369
1439.4443	18787.92
1439.5804	18647.42
1439.7167	18560.271
1439.8529	18582.623
1439.9891	18610.92
1440.1254	18622.9
1440.2615	18629.043
1440.3977	18627.078
1440.5339	18590.93
1440.6702	18483.633
1440.8063	18372.197
1440.9425	18274.631
1441.0787	18195.803
1441.215	18117.014
1441.3511	18024.758
1441.4873	17925.174
1441.6235	17809.504
1441.7598	17588.971
1441.896	17202.498
1442.0321	16806.451
1442.1683	16476.318
1442.3046	16180.438
1442.4408	15912.117
1442.5769	15786.526
1442.7131	15938.817
1442.8494	16104.37
1442.9856	16237.999
1443.1218	16350.411
1443.2579	16450.236
1443.3942	16487.295
1443.5304	16407.766
1443.6666	16320.632
1443.8027	16241.864
1443.939	16164.534
1444.0752	16088
1444.2114	16008.206
1444.3475	15932.671
1444.4838	15852.512
1444.62	15757.645
1444.7562	15643.304
1444.8925	15528.83
1445.0286	15413.479
1445.1648	15300.176
1445.301	15186.643
1445.4373	15084.569
1445.5734	14988.655
1445.7096	14891.983
1445.8458	14785.141
1445.9821	14662.755
1446.1182	14535.177
1446.2544	14388.934
1446.3906	14221.035
1446.5269	14047.242
1446.6631	13840.292
1446.7992	13593.008
1446.9354	13344.601
1447.0717	13127.846
1447.2079	12925.899
1447.344	12734.456
1447.4802	12595.632
1447.6165	12549.341
1447.7527	12509.524
1447.8889	12482.491
1448.025	12490.819
1448.1613	12494.536
1448.2975	12461.193
1448.4337	12372.913
1448.5698	12279.404
1448.7061	12176.745
1448.8423	12053.069
1448.9785	11928.405
1449.1146	11810.48
1449.2509	11710.696
1449.3871	11611.293
1449.5233	11518.026
1449.6595	11426.515
1449.7957	11335.603
1449.9319	11240.612
1450.0681	11146.591
1450.2043	11050.625
1450.3405	10951.775
1450.4767	10848.13
1450.6129	10743.533
1450.7491	10636.122
1450.8854	10521.717
1451.0215	10404.712
1451.1577	10281.067
1451.2939	10154.843
1451.4302	10025.01
1451.5663	9882.1279
1451.7025	9709.4775
1451.8387	9540.7891
1451.975	9400.1777
1452.1111	9297.7939
1452.2473	9198.7705
1452.3835	9113.1631
1452.5198	9052.8213
1452.656	8989.7314
1452.7921	8917.5908
1452.9283	8833.9121
1453.0646	8748.4453
1453.2008	8653.833
1453.3369	8549.5117
1453.4731	8444.6055
1453.6094	8335.2451
1453.7456	8222.4824
1453.8818	8109.4585
1454.0179	8002.5244
1454.1542	7897.8892
1454.2904	7793.6582
1454.4266	7699.3682
1454.5627	7615.2041
1454.699	7531.022
1454.8352	7443.751
1454.9714	7359.147
1455.1075	7274.3281
1455.2438	7189.4883
1455.38	7102.8447
1455.5162	7014.7505
1455.6525	6927.5693
1455.7886	6840.8086
1455.9248	6754.3071
1456.061	6668.9038
1456.1973	6586.7603
1456.3334	6504.0342
1456.4696	6408.6245
1456.6058	6296.8286
1456.7421	6185.2109
1456.8782	6087.2783
1457.0144	6000.0869
1457.1506	5914.5029
1457.2869	5839.1929
1457.4231	5781.5679
1457.5592	5722.7383
1457.6954	5657.793
1457.8317	5583.5474
1457.9679	5510.9517
1458.104	5444.0605
1458.2402	5382.998
1458.3765	5322.8945
1458.5127	5263.6592
1458.6489	5202.5576
1458.785	5139.9424
1458.9213	5074.9087
1459.0575	5011.9976
1459.1937	4946.7026
1459.3298	4871.2495
1459.4661	4781.8125
1459.6023	4693.3374
1459.7385	4617.6245
1459.8746	4549.438
1460.0109	4483.9473
1460.1471	4429.6499
1460.2833	4392.9409
1460.4196	4356.5449
1460.5557	4319.0205
1460.6919	4281.0869
1460.8281	4241.5049
1460.9644	4194.707
1461.1005	4138.7744
1461.2367	4081.522
1461.3729	4015.7405
1461.5092	3939.2419
1461.6454	3864.3096
1461.7815	3800.8401
1461.9177	3745.6526
1462.054	3691.8059
1462.1902	3642.4534
1462.3263	3600.1458
1462.4625	3557.4482
1462.5988	3515.4478
1462.735	3472.0222
1462.8711	3428.4873
1463.0073	3385.6292
1463.1436	3343.5239
1463.2798	3299.5972
1463.416	3253.5496
1463.5521	3206.7114
1463.6884	3161.9514
1463.8246	3122.5837
1463.9608	3087.5571
1464.0969	3053.1563
1464.2332	3023.3433
1464.3694	2993.7146
1464.5056	2964.6545
1464.6418	2930.9485
1464.778	2898.5828
1464.9142	2866.3657
1465.0504	2834.2056
1465.1866	2802.2002
1465.3228	2766.9771
1465.459	2730.5237
1465.5952	2691.5906
1465.7314	2651.8101
1465.8676	2606.0613
1466.0038	2553.3987
1466.14	2503.6357
1466.2762	2466.1777
1466.4125	2438.8132
1466.5486	2410.3896
1466.6848	2381.5991
1466.821	2356.9136
1466.9573	2331.5698
1467.0934	2298.7349
1467.2296	2256.9814
1467.3658	2215.969
1467.5021	2184.0261
1467.6383	2160.3262
1467.7744	2137.8396
1467.9106	2120.3049
1468.0469	2111.1814
1468.1831	2100.7395
1468.3192	2085.3315
1468.4554	2061.5369
1468.5917	2035.2504
1468.7279	2004.7935
1468.864	1970.0206
1469.0002	1937.8386
1469.1365	1912.6476
1469.2727	1896.8027
1469.4089	1879.8024
1469.545	1863.1747
1469.6813	1847.3796
1469.8175	1831.5653
1469.9537	1814.7999
1470.0898	1793.9586
1470.2261	1774.0608
1470.3623	1755.1622
1470.4985	1739.4484
1470.6346	1723.5563
1470.7709	1706.9572
1470.9071	1688.8949
1471.0433	1669.3536
1471.1796	1649.9556
1471.3157	1631.7919
1471.4519	1614.6327
1471.5881	1598.1157
1471.7244	1580.1396
1471.8605	1560.7201
1471.9967	1540.1141
1472.1329	1519.6829
1472.2692	1501.4724
1472.4054	1487.589
1472.5415	1476.6201
1472.6777	1465.142
1472.814	1448.7178
1472.9502	1430.3528
1473.0863	1411.6095
1473.2225	1394.0796
1473.3588	1376.2831
1473.495	1359.6146
1473.6311	1346.9552
1473.7673	1336.3048
1473.9036	1324.0057
1474.0398	1305.0233
1474.176	1282.0444
1474.3121	1259.3646
1474.4484	1242.5398
1474.5846	1229.5615
1474.7208	1217.5192
1474.8569	1211.2163
1474.9932	1208.011
1475.1294	1205.6025
1475.2656	1198.52
1475.4019	1189.0454
1475.538	1178.458
1475.6742	1165.0011
1475.8104	1149.3301
1475.9467	1133.5542
1476.0828	1119.3427
1476.219	1107.1038
1476.3552	1094.275
1476.4915	1076.0353
1476.6276	1053.1857
1476.7638	1031.5059
1476.9	1013.9058
1477.0363	997.36694
1477.1725	981.55548
1477.3086	974.31171
1477.4448	974.68378
1477.5811	974.63098
1477.7173	968.39581
1477.8534	958.08356
1477.9896	947.99548
1478.1259	939.90991
1478.2621	930.87177
1478.3983	921.14221
1478.5344	910.60388
1478.6707	902.80554
1478.8069	895.35675
1478.9431	887.73706
1479.0792	880.56952
1479.2155	873.80652
1479.3517	871.05817
1479.4879	867.53601
1479.624	863.05383
1479.7603	853.14252
1479.8965	841.32727
1480.0327	831.43152
1480.1689	823.41809
1480.3051	815.68896
1480.4413	806.44965
1480.5775	797.85651
1480.7137	789.58368
1480.8499	782.26508
1480.9861	773.96741
1481.1223	766.55841
1481.2585	757.60492
1481.3948	750.41949
1481.5309	744.61401
1481.6671	740.38177
1481.8033	737.27917
1481.9396	732.29523
1482.0757	727.78607
1482.2119	722.43927
1482.3481	718.44025
1482.4844	711.50525
1482.6205	701.54022
1482.7567	691.28259
1482.8929	682.57159
1483.0292	678.26746
1483.1654	674.81439
1483.3015	673.86511
1483.4377	672.33435
1483.574	668.68018
1483.7102	662.53448
1483.8463	652.14227
1483.9825	641.07849
1484.1188	629.7926
1484.255	622.448
1484.3911	616.58398
1484.5273	612.10132
1484.6636	606.30981
1484.7998	600.6908
1484.936	595.76788
1485.0721	595.28784
1485.2084	596.59717
1485.3446	596.27271
1485.4808	591.71057
1485.6169	583.38214
1485.7532	574.49872
1485.8894	560.41846
1486.0256	546.93152
1486.1619	535.24756
1486.298	529.54669
1486.4342	524.86255
1486.5704	519.33655
1486.7067	518.09235
1486.8428	518.18402
1486.979	517.64862
1487.1152	509.64191
1487.2515	499.92917
1487.3876	491.19022
1487.5238	488.30573
1487.66	486.13589
1487.7963	485.87167
1487.9325	485.61789
1488.0686	484.74567
1488.2048	480.00824
1488.3411	471.34601
1488.4773	462.4281
1488.6134	454.40854
1488.7496	450.36505
1488.8859	448.78156
1489.0221	450.19757
1489.1583	453.51547
1489.2944	454.88049
1489.4307	454.83371
1489.5669	454.17471
1489.7031	454.25931
1489.8392	452.52524
1489.9755	445.22073
1490.1117	435.83926
1490.2479	428.56134
1490.384	423.36389
1490.5203	419.42697
1490.6565	415.1994
1490.7927	411.59656
1490.929	408.06076
1491.0651	402.50217
1491.2013	398.38766
1491.3375	394.54456
1491.4738	393.91684
1491.6099	398.00412
1491.7461	402.09567
1491.8823	403.41455
1492.0186	397.08545
1492.1548	389.15021
1492.2909	381.50922
1492.4271	374.34595
1492.5634	367.18661
1492.6996	360.87741
1492.8357	355.61661
1492.9719	351.11356
1493.1082	346.27393
1493.2444	344.987
1493.3805	344.3222
1493.5167	345.38663
1493.653	345.91299
1493.7892	344.63858
1493.9254	342.00607
1494.0615	330.49042
1494.1978	317.56976
1494.334	305.03403
1494.4702	301.64218
1494.6063	301.50909
1494.7426	303.48672
1494.8788	310.0177
1495.015	316.19492
1495.1512	319.72488
1495.2874	317.31253
1495.4236	313.40656
1495.5598	307.06482
1495.696	295.82996
1495.8322	285.36954
1495.9684	278.73209
1496.1046	279.58688
1496.2408	280.60144
1496.377	281.93372
1496.5132	280.95605
1496.6494	279.16797
1496.7856	274.48352
1496.9219	270.05508
1497.058	265.82083
1497.1942	263.19589
1497.3304	261.80737
1497.4667	259.9043
1497.6028	257.39975
1497.739	253.40308
1497.8752	249.17027
1498.0115	245.36035
1498.1476	246.14349
1498.2838	248.81723
1498.42	253.18202
1498.5563	253.39647
1498.6925	252.25275
1498.8286	250.36287
1498.9648	249.11069
1499.1011	247.99222
1499.2373	246.76468
1499.3734	245.72835
1499.5096	244.37166
1499.6459	242.22849
1499.7821	237.59875
1499.9183	232.20618
1500.0544	225.42329
1500.1907	222.16495
1500.3269	220.30089
1500.4631	221.11942
1500.5992	218.49461
1500.7355	214.01222
1500.8717	208.33562
1501.0079	205.67853
1501.144	204.28099
1501.2803	203.28914
1501.4165	202.07465
1501.5527	201.05215
1501.689	201.80753
1501.8251	204.17946
1501.9613	205.4514
1502.0975	204.73959
1502.2338	207.481
1502.3699	211.06183
1502.5061	215.31873
1502.6423	216.27011
1502.7786	216.91025
1502.9148	217.31689
1503.0509	214.51576
1503.1871	210.72195
1503.3234	206.68843
1503.4596	202.71188
1503.5957	199.26347
1503.7319	195.25932
1503.8682	191.58215
1504.0044	187.68924
1504.1405	182.51895
1504.2767	175.48225
1504.413	167.38821
1504.5492	163.05533
1504.6854	165.20699
1504.8215	168.0347
1504.9578	170.18909
1505.094	171.56044
1505.2302	173.53003
1505.3663	175.11723
1505.5026	173.69179
1505.6388	171.36012
1505.775	168.54399
1505.9113	167.02306
1506.0474	165.75116
1506.1836	167.85236
1506.3198	173.14528
1506.4561	178.62643
1506.5922	179.56296
1506.7284	176.49788
1506.8646	173.30182
1507.0009	170.92661
1507.137	168.78259
1507.2732	166.83873
1507.4094	163.72981
1507.5457	160.95116
1507.6819	157.76279
1507.818	156.18268
1507.9542	155.96919
1508.0905	155.61049
1508.2267	157.36041
1508.3628	158.25662
1508.499	158.97792
1508.6353	156.83296
1508.7715	155.90863
1508.9077	155.48621
1509.0438	156.34001
1509.1801	154.32494
1509.3163	152.11684
1509.4525	149.00485
1509.5886	146.34238
1509.7249	143.37294
1509.8611	140.0482
1509.9973	140.2431
1510.1334	141.13248
1510.2697	144.1508
1510.4059	145.20561
1510.5421	145.54146
1510.6783	144.56984
1510.8145	141.12103
1510.9507	138.25082
1511.0869	135.37395
1511.2231	135.02878
1511.3593	134.60378
1511.4955	132.78372
1511.6317	132.65819
1511.7679	132.70013
1511.9041	135.78535
1512.0403	137.81319
1512.1765	139.33691
1512.3127	138.62392
1512.449	137.56125
1512.5851	137.20732
1512.7213	137.2326
1512.8575	134.8215
1512.9938	131.76579
1513.1299	127.02365
1513.2661	125.49852
1513.4023	123.98575
1513.5386	123.65518
1513.6748	121.83973
1513.8109	120.13357
1513.9471	120.06735
1514.0834	123.4943
1514.2196	127.33116
1514.3557	133.79933
1514.4919	140.90028
1514.6282	148.12656
1514.7644	148.57774
1514.9005	142.29697
1515.0367	135.83992
1515.173	132.01299
1515.3092	131.63229
1515.4454	130.87901
1515.5815	131.49113
1515.7178	135.19563
1515.854	139.12665
1515.9902	139.48705
1516.1263	132.84718
1516.2626	126.3394
1516.3988	119.70409
1516.535	115.38453
1516.6713	111.25113
1516.8074	111.75399
1516.9436	117.07752
1517.0798	122.10503
1517.2161	126.63331
1517.3522	128.65276
1517.4884	130.70343
1517.6246	130.88742
1517.7609	127.79244
1517.897	124.09799
1518.0332	118.93349
1518.1694	118.57538
1518.3057	118.77262
1518.4419	116.87997
1518.578	108.88348
1518.7142	101.20074
1518.8505	98.092216
1518.9867	96.144005
1519.1228	93.948898
1519.259	92.606194
1519.3953	97.619957
1519.5315	103.14176
1519.6677	109.23966
1519.8038	111.01489
1519.9401	113.01205
1520.0763	115.03632
1520.2125	115.80104
1520.3486	115.40746
1520.4849	108.51337
1520.6211	104.88783
1520.7573	101.82916
1520.8934	100.01874
1521.0297	98.536049
1521.1659	97.585495
1521.3021	103.19097
1521.4384	107.71728
1521.5745	111.62592
1521.7107	111.7544
1521.8469	108.83711
1521.9832	105.69946
1522.1193	100.99136
1522.2555	95.947708
1522.3917	91.203522
1522.528	89.109558
1522.6642	92.93676
1522.8003	97.058228
1522.9365	101.26713
1523.0728	102.54056
1523.209	103.87084
1523.3451	103.82825
1523.4813	105.862
1523.6176	108.04924
1523.7538	111.22247
1523.8899	110.56162
1524.0261	109.86111
1524.1624	110.47304
1524.2986	113.29604
1524.4348	115.02005
1524.5709	110.17279
1524.7072	105.51791
1524.8434	101.91177
1524.9796	103.16315
1525.1157	106.58524
1525.252	110.53901
1525.3882	117.14722
1525.5244	119.8752
1525.6605	121.46638
1525.7968	118.04027
1525.933	112.91556
1526.0692	108.13196
1526.2054	104.29537
1526.3416	104.26168
1526.4778	104.85081
1526.614	106.56249
1526.7502	106.11822
1526.8864	105.09655
1527.0226	105.23547
1527.1588	107.22631
1527.295	109.29776
1527.4313	108.30739
1527.5674	104.32688
1527.7036	100.38418
1527.8398	96.630966
1527.9761	93.180305
1528.1122	90.411453
1528.2484	89.64904
1528.3846	87.704735
1528.5209	85.278809
1528.657	83.522308
1528.7932	84.175262
1528.9294	84.279594
1529.0657	80.920784
1529.2019	78.264755
1529.338	75.666901
1529.4742	77.663788
1529.6105	80.483459
1529.7467	84.943352
1529.8828	91.692238
1530.019	98.221344
1530.1553	103.38975
1530.2915	104.0357
1530.4277	101.27973
1530.5638	98.091667
1530.7001	95.191391
1530.8363	95.430473
1530.9725	96.643646
1531.1086	99.140251
1531.2449	100.47079
1531.3811	101.67214
1531.5173	102.90849
1531.6534	104.05871
1531.7897	104.99224
1531.9259	104.52575
1532.0621	102.98627
1532.1984	101.56052
1532.3345	98.77787
1532.4707	94.665329
1532.6069	91.706436
1532.7432	92.566895
1532.8793	94.863525
1533.0155	94.391365
1533.1517	93.037125
1533.288	92.997353
1533.4242	94.654915
1533.5603	97.254593
1533.6965	99.759987
1533.8328	102.84624
1533.969	100.10076
1534.1051	93.270378
1534.2413	85.505768
1534.3776	81.493637
1534.5138	80.579788
1534.6499	80.553795
1534.7861	84.387352
1534.9224	89.023499
1535.0586	92.727104
1535.1948	94.087341
1535.3309	94.379517
1535.4672	95.623978
1535.6034	101.11539
1535.7396	105.77873
1535.8757	110.33497
1536.012	102.49926
1536.1482	92.50441
1536.2844	82.380974
1536.4207	78.547066
1536.5568	76.167618
1536.693	74.57753
1536.8292	81.255676
1536.9655	88.690666
1537.1016	95.215881
1537.2378	93.357391
1537.374	89.998795
1537.5103	86.653137
1537.6464	81.097649
1537.7826	77.505814
1537.9188	74.106735
1538.0551	77.150078
1538.1913	81.205276
1538.3274	85.168762
1538.4636	86.752403
1538.5999	85.690948
1538.7361	83.335762
1538.8722	79.810127
1539.0084	76.640709
1539.1447	75.665115
1539.2809	78.472397
1539.417	80.896439
1539.5532	82.312912
1539.6895	79.699478
1539.8257	75.950554
1539.9619	72.133133
1540.098	71.185341
1540.2343	72.58448
1540.3705	75.395157
1540.5067	77.296463
1540.6428	77.521599
1540.7791	77.159256
1540.9153	76.694656
1541.0515	76.908119
1541.1877	75.91024
1541.3239	73.32663
1541.4601	70.081047
1541.5963	67.187241
1541.7325	66.687737
1541.8687	65.929771
1542.0049	66.130714
1542.1411	69.160927
1542.2773	74.294044
1542.4135	79.59108
1542.5497	80.855553
1542.6859	79.938309
1542.8221	77.706879
1542.9584	72.897644
1543.0945	68.243416
1543.2307	64.851463
1543.3669	66.043007
1543.5032	67.916985
1543.6393	70.414803
1543.7755	75.25061
1543.9117	78.182724
1544.048	79.572693
1544.1842	79.067566
1544.3203	80.029129
1544.4565	82.18914
1544.5928	87.9888
1544.729	93.479218
1544.8651	98.436897
1545.0013	95.037048
1545.1376	90.139389
1545.2738	84.101677
1545.4099	78.387154
1545.5461	73.072136
1545.6824	69.453339
1545.8186	69.448883
1545.9548	69.486557
1546.0909	67.680847
1546.2272	63.502094
1546.3634	57.970394
1546.4996	53.736603
1546.6357	54.69492
1546.772	57.599892
1546.9082	61.178097
1547.0444	65.008148
1547.1807	69.332451
1547.3168	72.581383
1547.453	72.092369
1547.5892	70.125397
1547.7255	68.998436
1547.8616	70.123642
1547.9978	70.568405
1548.134	71.991966
1548.2703	77.960213
1548.4064	84.778496
1548.5426	89.477776
1548.6788	88.693993
1548.8151	87.743256
1548.9513	86.85421
1549.0874	84.164169
1549.2236	81.607605
1549.3599	78.537453
1549.4961	76.199219
1549.6322	72.453804
1549.7684	70.094582
1549.9047	67.729477
1550.0409	66.301422
1550.1771	67.162178
1550.3132	69.946182
1550.4495	72.761139
1550.5857	72.623032
1550.7219	76.110764
1550.858	80.584427
1550.9943	86.708679
1551.1305	87.904053
1551.2667	88.359261
1551.4028	87.323677
1551.5391	88.33886
1551.6753	88.404129
1551.8115	88.178963
1551.9478	86.50946
1552.0839	85.335014
1552.2201	85.970512
1552.3563	82.490555
1552.4926	78.090782
1552.6287	72.710808
1552.7649	72.251076
1552.9011	73.301605
1553.0374	74.42984
1553.1735	77.008408
1553.3097	79.711655
1553.4459	80.99379
1553.5822	80.586266
1553.7184	79.341011
1553.8545	80.668037
1553.9907	82.620399
1554.127	84.071404
1554.2632	85.489525
1554.3993	86.139771
1554.5355	87.582314
1554.6718	87.396744
1554.808	84.355095
1554.9442	80.274414
1555.0803	75.057915
1555.2166	72.133095
1555.3528	69.949646
1555.489	68.89415
1555.6251	67.707016
1555.7614	66.17363
1555.8976	65.080078
1556.0338	69.203537
1556.1699	73.865669
1556.3062	82.395409
1556.4424	91.308029
1556.5786	100.06441
1556.7148	103.18407
1556.851	97.109245
1556.9872	90.936752
1557.1234	85.773415
1557.2596	84.732697
1557.3958	83.665581
1557.532	85.258354
1557.6682	91.13665
1557.8044	96.800285
1557.9407	98.972832
1558.0768	93.176689
1558.213	87.1101
1558.3492	79.869255
1558.4855	74.746658
1558.6216	69.795517
1558.7578	68.535355
1558.894	74.074013
1559.0303	79.684357
1559.1664	84.247894
1559.3026	85.606155
1559.4388	86.843239
1559.5751	88.27494
1559.7113	88.059624
1559.8474	87.606667
1559.9836	87.338791
1560.1199	86.337067
1560.2561	85.354187
1560.3922	82.28331
1560.5284	75.627197
1560.6647	69.196487
1560.8009	65.687119
1560.9371	65.759125
1561.0732	65.753601
1561.2095	66.068565
1561.3457	71.906197
1561.4819	78.593605
1561.618	84.519432
1561.7543	84.463608
1561.8905	84.177612
1562.0267	85.020065
1562.1628	88.374374
1562.2991	90.336517
1562.4353	87.026794
1562.5715	83.644501
1562.7078	81.031815
1562.8439	81.017349
1562.9801	81.810074
1563.1163	82.62236
1563.2526	85.22364
1563.3887	86.397911
1563.5249	86.943802
1563.6611	84.826241
1563.7974	80.652611
1563.9336	77.135345
1564.0697	77.297798
1564.2059	76.826759
1564.3422	76.341705
1564.4784	73.749458
1564.6145	74.900276
1564.7507	75.579109
1564.887	77.636414
1565.0232	81.083969
1565.1593	85.477089
1565.2955	87.585205
1565.4318	89.581512
1565.568	91.034325
1565.7042	94.039291
1565.8403	94.077873
1565.9766	93.863594
1566.1128	93.47982
1566.249	93.245331
1566.3851	92.499939
1566.5214	88.807434
1566.6576	84.060631
1566.7938	79.951317
1566.9299	79.562553
1567.0662	84.520454
1567.2024	89.971352
1567.3386	97.031235
1567.4749	100.80869
1567.611	103.58859
1567.7472	102.6549
1567.8834	97.171936
1568.0197	91.324425
1568.1558	86.109108
1568.292	87.065895
1568.4282	89.647224
1568.5645	91.296951
1568.7007	89.422951
1568.8368	86.518623
1568.973	85.534645
1569.1093	84.613914
1569.2455	83.518127
1569.3816	81.110603
1569.5178	78.031815
1569.6541	75.407547
1569.7903	73.224243
1569.9264	73.583633
1570.0626	74.603195
1570.1989	76.172188
1570.3351	76.550674
1570.4713	75.739105
1570.6074	74.820938
1570.7437	74.248573
1570.8799	74.03582
1571.0161	71.064224
1571.1522	69.824219
1571.2885	68.482681
1571.4247	71.698936
1571.5609	73.815422
1571.6971	77.590523
1571.8333	83.527504
1571.9695	88.588554
1572.1057	91.503357
1572.2419	88.425148
1572.3781	84.27446
1572.5143	80.673195
1572.6505	77.208282
1572.7867	76.891502
1572.9229	77.203613
1573.0591	82.697433
1573.1953	88.617477
1573.3315	94.187653
1573.4678	96.214081
1573.6039	95.010612
1573.7401	93.703438
1573.8763	92.900902
1574.0126	91.74884
1574.1487	90.581375
1574.2849	88.160576
1574.4211	84.109001
1574.5574	81.476852
1574.6936	80.990311
1574.8297	84.281204
1574.9659	84.446388
1575.1022	81.563049
1575.2384	77.965782
1575.3745	76.774475
1575.5107	82.530487
1575.647	90.538765
1575.7832	97.714973
1575.9193	97.340553
1576.0555	92.650215
1576.1918	88.031456
1576.328	83.085136
1576.4642	77.855728
1576.6003	73.86348
1576.7366	75.370323
1576.8728	78.885361
1577.009	81.081612
1577.1451	82.921707
1577.2814	85.263611
1577.4176	87.844719
1577.5538	92.084503
1577.6901	95.432655
1577.8262	99.223694
1577.9624	92.979454
1578.0986	83.598656
1578.2349	74.205048
1578.371	72.989426
1578.5072	73.892982
1578.6434	75.18399
1578.7797	80.626221
1578.9158	88.719574
1579.052	96.281677
1579.1882	96.123039
1579.3245	90.736771
1579.4607	84.894928
1579.5968	77.395142
1579.733	72.20929
1579.8693	67.587944
1580.0055	71.49614
1580.1416	77.424423
1580.2778	83.835258
1580.4141	86.749161
1580.5503	86.869781
1580.6864	85.178108
1580.8226	81.172173
1580.9589	77.277344
1581.0951	74.908569
1581.2313	76.422234
1581.3674	78.616043
1581.5037	80.175751
1581.6399	79.3172
1581.7761	77.967804
1581.9122	77.0485
1582.0485	77.827774
1582.1847	80.619957
1582.3209	84.534935
1582.4572	85.757149
1582.5933	84.381622
1582.7295	82.294701
1582.8657	80.79203
1583.002	78.947151
1583.1381	76.886101
1583.2743	77.940224
1583.4105	79.835747
1583.5468	80.320702
1583.6829	80.096794
1583.8191	78.85305
1583.9553	79.135719
1584.0916	77.97699
1584.2278	78.386902
1584.3639	79.576057
1584.5001	80.074966
1584.6364	78.261345
1584.7726	75.180069
1584.9087	73.417603
1585.0449	73.061386
1585.1812	73.150536
1585.3174	72.811745
1585.4536	72.230644
1585.5897	71.753922
1585.726	74.464745
1585.8622	76.992798
1585.9984	78.837143
1586.1345	77.724609
1586.2708	76.517448
1586.407	77.147644
1586.5432	84.163132
1586.6793	92.130142
1586.8156	97.797424
1586.9518	95.847008
1587.088	92.044098
1587.2242	88.856194
1587.3604	86.980644
1587.4966	85.161949
1587.6328	84.488777
1587.769	83.104965
1587.9052	81.951752
1588.0414	79.064423
1588.1776	72.932312
1588.3138	65.084824
1588.4501	59.07563
1588.5862	60.299297
1588.7224	63.386932
1588.8586	66.677628
1588.9949	71.576744
1589.131	77.577507
1589.2672	82.224739
1589.4034	83.409744
1589.5397	82.410583
1589.6758	82.216568
1589.812	81.192368
1589.9482	80.550003
1590.0845	81.765007
1590.2207	86.369629
1590.3568	90.609787
1590.493	92.194771
1590.6293	92.097771
1590.7655	92.790428
1590.9016	93.409195
1591.0378	90.795822
1591.1741	88.111816
1591.3103	85.2658
1591.4465	83.465904
1591.5826	80.775482
1591.7189	78.576729
1591.8551	79.057655
1591.9913	80.008827
1592.1274	83.796349
1592.2637	88.671097
1592.3999	93.121132
1592.5361	93.505554
1592.6722	90.697929
1592.8085	88.816826
1592.9447	91.347374
1593.0809	93.853638
1593.2172	95.312782
1593.3533	93.242882
1593.4895	89.795258
1593.6257	86.298416
1593.762	82.222855
1593.8981	80.429619
1594.0343	79.648941
1594.1705	81.244301
1594.3068	82.092735
1594.4429	81.87104
1594.5791	80.459457
1594.7153	80.375061
1594.8516	80.634254
1594.9878	81.801666
1595.1239	84.630547
1595.2601	87.467064
1595.3964	87.886688
1595.5326	86.647011
1595.6687	85.986488
1595.8049	87.720398
1595.9412	88.085289
1596.0774	87.767769
1596.2136	87.121758
1596.3497	85.500992
1596.486	84.308899
1596.6222	83.408821
1596.7584	83.923172
1596.8945	83.525803
1597.0308	80.775597
1597.167	78.424179
1597.3032	76.327751
1597.4393	77.905556
1597.5756	78.509201
1597.7118	79.392654
1597.848	78.452606
1597.9843	82.26358
1598.1204	87.143173
1598.2566	95.099892
1598.3928	101.66342
1598.5291	106.49971
1598.6652	106.80302
1598.8014	102.87885
1598.9376	99.629967
1599.0739	96.277283
1599.2101	92.93615
1599.3462	89.551071
1599.4824	87.860062
1599.6187	89.138573
1599.7549	90.054787
1599.891	91.329124
1600.0272	91.102997
1600.1635	90.8246
1600.2997	87.108261
1600.4358	82.197624
1600.572	77.362358
1600.7083	75.809334
1600.8445	80.187759
1600.9807	85.094955
1601.1168	89.781929
1601.2531	89.455185
1601.3893	89.299919
1601.5255	90.798538
1601.6616	92.76918
1601.7979	94.060631
1601.9341	93.563629
1602.0703	94.795181
1602.2065	95.739944
1602.3427	94.421158
1602.4789	87.841721
1602.6151	81.796165
1602.7513	77.639931
1602.8875	74.157555
1603.0237	69.819008
1603.1599	65.564827
1603.2961	69.749275
1603.4323	75.759247
1603.5685	83.315422
1603.7047	83.025093
1603.8409	82.746651
1603.9772	84.503311
1604.1133	89.993454
1604.2495	93.475853
1604.3857	91.681686
1604.522	91.720528
1604.6581	93.258934
1604.7943	94.555283
1604.9305	92.442467
1605.0668	90.345406
1605.203	90.742996
1605.3391	90.239136
1605.4753	88.525818
1605.6116	85.805893
1605.7478	82.488434
1605.8839	80.375336
1606.0201	79.435478
1606.1564	78.13047
1606.2926	76.418968
1606.4287	74.700935
1606.5649	76.584625
1606.7012	78.698143
1606.8374	81.520142
1606.9736	82.711723
1607.1097	83.225143
1607.246	83.582466
1607.3822	86.838196
1607.5184	91.149277
1607.6545	95.473824
1607.7908	97.45623
1607.927	99.458626
1608.0632	101.05046
1608.1993	101.66394
1608.3356	100.00763
1608.4718	95.588432
1608.608	92.052986
1608.7443	90.679054
1608.8804	93.170692
1609.0166	98.17421
1609.1528	104.17702
1609.2891	110.89582
1609.4252	115.6314
1609.5614	118.15564
1609.6976	117.62625
1609.8339	112.73512
1609.9701	107.87806
1610.1062	102.99709
1610.2424	100.91119
1610.3787	99.829605
1610.5149	98.022316
1610.651	95.495201
1610.7872	93.064621
1610.9235	92.939659
1611.0597	94.857628
1611.1958	96.141502
1611.332	97.410301
1611.4683	96.089478
1611.6045	95.200073
1611.7407	92.972328
1611.8768	91.302582
1612.0131	90.442062
1612.1493	89.206757
1612.2855	87.507294
1612.4216	84.622932
1612.5579	84.194069
1612.6941	84.954376
1612.8303	83.972984
1612.9666	80.659103
1613.1027	78.584984
1613.2389	78.914833
1613.3751	82.010788
1613.5114	84.473488
1613.6475	89.327469
1613.7837	95.022369
1613.9199	100.24944
1614.0562	101.96521
1614.1923	101.6203
1614.3285	99.05899
1614.4647	94.925095
1614.601	88.894432
1614.7372	85.571564
1614.8733	86.04184
1615.0095	90.806023
1615.1458	95.139999
1615.282	98.45694
1615.4181	103.11423
1615.5543	108.68771
1615.6906	113.19821
1615.8268	111.99732
1615.963	107.37329
1616.0991	104.7236
1616.2354	103.96622
1616.3716	104.89944
1616.5078	104.84856
1616.6439	104.41602
1616.7802	103.84753
1616.9164	100.32616
1617.0526	96.433708
1617.1887	91.638992
1617.325	91.221581
1617.4612	95.897858
1617.5974	102.37737
1617.7336	106.55885
1617.8698	105.12908
1618.006	101.83377
1618.1422	97.921974
1618.2784	93.375221
1618.4146	88.953873
1618.5508	86.504761
1618.687	87.849426
1618.8232	89.888039
1618.9594	91.498672
1619.0956	94.508629
1619.2318	98.145744
1619.368	103.22299
1619.5043	107.88415
1619.6404	110.79657
1619.7766	109.94696
1619.9128	99.079437
1620.0491	85.553932
1620.1852	74.54554
1620.3214	75.220215
1620.4576	79.735596
1620.5939	84.742813
1620.7301	93.013573
1620.8662	102.06628
1621.0024	110.58085
1621.1387	108.88409
1621.2749	104.41975
1621.411	97.72197
1621.5472	90.564026
1621.6835	84.363319
1621.8197	80.944199
1621.9558	82.855644
1622.092	85.248726
1622.2283	85.900047
1622.3645	83.558548
1622.5007	79.810333
1622.6368	75.910896
1622.7731	73.851982
1622.9093	72.902985
1623.0455	74.913956
1623.1816	80.216743
1623.3179	84.663116
1623.4541	85.627914
1623.5903	81.399681
1623.7266	77.004463
1623.8627	74.39254
1623.9989	76.335815
1624.1351	79.457794
1624.2714	82.406525
1624.4075	80.466904
1624.5437	77.224335
1624.6799	75.309227
1624.8162	78.552063
1624.9523	82.534508
1625.0885	84.891457
1625.2247	86.805412
1625.361	89.140419
1625.4972	91.49855
1625.6333	89.413216
1625.7695	86.326935
1625.9058	83.106491
1626.042	84.371475
1626.1781	86.861984
1626.3143	89.349678
1626.4506	87.861443
1626.5868	84.799141
1626.723	82.516693
1626.8591	82.283333
1626.9954	82.728691
1627.1316	81.594307
1627.2678	79.555481
1627.4039	77.346161
1627.5402	78.434311
1627.6764	83.263565
1627.8126	87.572403
1627.9487	87.374153
1628.085	86.53804
1628.2212	85.764069
1628.3574	88.755455
1628.4937	92.184402
1628.6298	95.830719
1628.766	98.247269
1628.9022	98.919746
1629.0385	99.576149
1629.1746	97.830727
1629.3108	92.279663
1629.447	86.434212
1629.5833	81.503632
1629.7195	79.469315
1629.8556	76.761002
1629.9918	74.554657
1630.1281	71.603279
1630.2643	68.818275
1630.4004	67.825851
1630.5366	68.158096
1630.6729	69.124863
1630.8091	69.999229
1630.9452	74.205536
1631.0814	78.176926
1631.2177	80.472336
1631.3539	77.295479
1631.4901	73.821404
1631.6262	70.797256
1631.7625	70.010864
1631.8987	69.600914
1632.0349	73.918793
1632.171	81.192276
1632.3073	88.240219
1632.4435	88.368126
1632.5797	87.939247
1632.7158	87.79586
1632.8521	88.81134
1632.9883	87.908569
1633.1245	86.613968
1633.2607	88.349365
1633.3969	88.898674
1633.5331	88.648399
1633.6693	87.267731
1633.8055	87.024147
1633.9417	88.107574
1634.0779	90.718735
1634.2141	92.868416
1634.3503	93.790779
1634.4866	92.560097
1634.6227	92.947159
1634.7589	94.761162
1634.8951	96.850426
1635.0314	95.755493
1635.1675	93.4095
1635.3037	90.432693
1635.4399	89.537285
1635.5762	88.681602
1635.7123	86.863983
1635.8485	86.84079
1635.9847	87.51815
1636.121	88.755531
1636.2572	85.996193
1636.3933	82.608871
1636.5295	82.498596
1636.6658	82.561638
1636.802	82.824783
1636.9381	81.429314
1637.0743	82.486893
1637.2106	82.918282
1637.3468	81.839462
1637.483	80.519241
1637.6191	79.55027
1637.7554	80.801353
1637.8916	82.544571
1638.0278	84.540543
1638.1639	85.813622
1638.3002	86.509094
1638.4364	87.04438
1638.5726	85.590942
1638.7087	82.344673
1638.845	77.93425
1638.9812	75.997749
1639.1174	76.186127
1639.2537	77.739944
1639.3898	79.75103
1639.526	81.142601
1639.6622	80.616089
1639.7985	79.967926
1639.9346	80.674843
1640.0708	83.773064
1640.207	90.62516
1640.3433	97.355362
1640.4795	102.72311
1640.6156	99.886017
1640.7518	95.01609
1640.8881	90.631844
1641.0243	91.057312
1641.1604	91.52401
1641.2966	92.600876
1641.4329	95.906883
1641.5691	103.06495
1641.7052	108.53682
1641.8414	107.58276
1641.9777	101.88095
1642.1139	95.774086
1642.2501	88.557793
1642.3862	81.754272
1642.5225	75.917053
1642.6587	79.451538
1642.7949	86.555054
1642.931	94.233177
1643.0673	95.546661
1643.2035	94.109482
1643.3397	91.74337
1643.476	91.623344
1643.6121	90.92421
1643.7483	89.821335
1643.8845	88.655556
1644.0208	89.324852
1644.1569	90.764572
1644.2931	87.177475
1644.4293	81.639313
1644.5656	76.637794
1644.7017	75.888306
1644.8379	75.201889
1644.9741	74.470276
1645.1104	77.260246
1645.2466	82.597061
1645.3827	87.659866
1645.5189	88.346291
1645.6552	86.900238
1645.7914	86.060997
1645.9275	89.397758
1646.0637	92.483856
1646.2	93.493423
1646.3362	89.12365
1646.4723	85.726929
1646.6085	83.230202
1646.7448	82.42588
1646.881	82.581291
1647.0172	82.655746
1647.1533	86.336082
1647.2896	88.881538
1647.4258	89.967476
1647.562	85.349709
1647.6981	79.633652
1647.8344	77.361694
1647.9706	77.096703
1648.1068	77.262856
1648.243	75.675301
1648.3792	78.920647
1648.5154	83.640076
1648.6516	87.937965
1648.7878	86.553833
1648.924	84.629463
1649.0602	81.891861
1649.1964	83.704834
1649.3326	86.743294
1649.4688	90.941948
1649.605	93.532608
1649.7412	93.811783
1649.8774	94.478004
1650.0137	94.062454
1650.1498	94.258026
1650.286	92.257034
1650.4222	90.594437
1650.5585	89.979713
1650.6946	90.886032
1650.8308	93.066391
1650.967	95.85463
1651.1033	99.874207
1651.2395	102.1875
1651.3756	102.2225
1651.5118	99.253815
1651.6481	94.191597
1651.7843	88.701759
1651.9204	83.91983
1652.0566	81.854416
1652.1929	81.375359
1652.3291	81.300972
1652.4652	82.512932
1652.6014	84.100914
1652.7377	88.197289
1652.8739	93.408127
1653.0101	99.206192
1653.1462	102.13499
1653.2825	100.05378
1653.4187	95.511597
1653.5549	90.695389
1653.691	85.88974
1653.8273	82.568428
1653.9635	80.240433
1654.0997	79.895454
1654.236	78.666924
1654.3721	76.951256
1654.5083	76.152245
1654.6445	75.919983
1654.7808	73.918068
1654.9169	73.771019
1655.0531	74.011116
1655.1893	77.395508
1655.3256	81.735069
1655.4617	86.528275
1655.5979	92.670586
1655.7341	95.658142
1655.8704	98.183533
1656.0066	97.716034
1656.1427	95.579025
1656.2789	92.37458
1656.4152	87.562798
1656.5514	87.010979
1656.6875	87.298111
1656.8237	90.014572
1656.96	90.671448
1657.0962	91.855446
1657.2324	93.174301
1657.3685	95.41819
1657.5048	96.774185
1657.641	98.435898
1657.7772	97.651161
1657.9133	97.053719
1658.0496	95.763489
1658.1858	92.955475
1658.322	90.510818
1658.4581	88.194283
1658.5944	92.50769
1658.7306	95.988853
1658.8668	97.109581
1659.0031	95.56601
1659.1392	94.317673
1659.2754	96.933876
1659.4116	101.25055
1659.5479	105.19596
1659.684	104.18711
1659.8202	97.881149
1659.9564	90.931145
1660.0927	85.402954
1660.2288	81.682449
1660.365	79.281441
1660.5012	79.104126
1660.6375	83.771706
1660.7737	88.401604
1660.9098	92.291595
1661.046	94.013077
1661.1823	95.203751
1661.3185	98.733238
1661.4546	101.00378
1661.5908	103.06969
1661.7271	99.364082
1661.8633	91.775208
1661.9995	83.917152
1662.1356	80.725243
1662.2719	82.989571
1662.4081	85.931068
1662.5443	90.284157
1662.6804	95.40757
1662.8167	100.34695
1662.9529	100.92519
1663.0891	97.892693
1663.2252	94.732239
1663.3615	89.025711
1663.4977	83.495399
1663.6339	77.676239
1663.7701	76.007935
1663.9063	78.251305
1664.0425	80.781021
1664.1787	84.840012
1664.3149	86.425926
1664.451	87.616219
1664.5873	85.540657
1664.7235	82.773796
1664.8597	80.610039
1664.996	81.770569
1665.1321	84.026543
1665.2683	85.277489
1665.4045	82.853317
1665.5408	78.020111
1665.6769	74.041199
1665.8131	73.900299
1665.9493	77.700348
1666.0856	82.693665
1666.2217	83.517548
1666.3579	81.100662
1666.4941	77.364883
1666.6304	74.916031
1666.7666	74.058777
1666.9027	72.145332
1667.0389	71.816528
1667.1752	73.487068
1667.3114	76.32058
1667.4475	80.622719
1667.5837	81.886925
1667.72	83.134865
1667.8562	82.056526
1667.9924	82.400314
1668.1285	83.930618
1668.2648	85.307274
1668.401	84.328369
1668.5372	82.015541
1668.6733	78.508942
1668.8096	76.120819
1668.9458	73.86158
1669.082	72.541946
1669.2181	71.559921
1669.3544	71.61776
1669.4906	76.622971
1669.6268	81.432243
1669.7631	84.467781
1669.8992	83.036873
1670.0354	83.161827
1670.1716	83.144417
1670.3079	87.281494
1670.444	90.519829
1670.5802	94.867607
1670.7164	94.127449
1670.8527	91.504501
1670.9889	89.954727
1671.125	88.637604
1671.2612	88.608994
1671.3975	87.909409
1671.5337	87.664543
1671.6698	87.41713
1671.806	84.740059
1671.9423	80.043259
1672.0785	72.65419
1672.2146	68.138405
1672.3508	67.892776
1672.4871	69.508949
1672.6233	70.697922
1672.7595	71.074432
1672.8956	72.935776
1673.0319	74.021507
1673.1681	74.117332
1673.3043	73.619476
1673.4404	74.10392
1673.5767	75.688896
1673.7129	75.943848
1673.8491	76.619537
1673.9852	83.012543
1674.1215	90.489914
1674.2577	96.770821
1674.3939	94.856567
1674.5302	92.03669
1674.6663	90.410088
1674.8025	89.108932
1674.9387	88.6959
1675.075	85.642387
1675.2111	84.869331
1675.3473	82.64933
1675.4835	81.579567
1675.6198	82.232422
1675.756	83.841484
1675.8921	88.033707
1676.0283	90.975418
1676.1646	94.12899
1676.3008	93.251236
1676.4369	93.274551
1676.5731	92.786072
1676.7094	96.159325
1676.8456	96.707497
1676.9817	97.438469
1677.1179	95.811226
1677.2542	94.252449
1677.3904	92.027847
1677.5266	88.940338
1677.6627	88.879692
1677.799	90.289116
1677.9352	93.807152
1678.0714	93.211258
1678.2075	91.45903
1678.3438	89.862556
1678.48	88.071259
1678.6162	86.345871
1678.7524	84.157387
1678.8885	84.91925
1679.0248	86.515221
1679.161	85.06768
1679.2972	84.810402
1679.4333	84.576775
1679.5696	88.435066
1679.7058	90.646935
1679.842	91.472374
1679.9781	90.185768
1680.1144	87.870766
1680.2506	87.073898
1680.3868	87.541039
1680.5231	85.643311
1680.6592	81.797234
1680.7954	75.32048
1680.9316	74.388191
1681.0679	75.34272
1681.204	78.653992
1681.3402	80.608963
1681.4764	82.032089
1681.6127	81.905083
1681.7489	85.404846
1681.885	89.071068
1682.0212	96.277184
1682.1575	101.37169
1682.2937	106.51993
1682.4298	107.6607
1682.566	102.91261
1682.7023	97.824944
1682.8385	93.138481
1682.9746	91.31176
1683.1108	89.671989
1683.2471	89.564926
1683.3833	92.362938
1683.5195	94.989136
1683.6556	95.998329
1683.7919	93.040764
1683.9281	89.943024
1684.0643	86.820404
1684.2004	84.453148
1684.3367	82.016457
1684.4729	80.381584
1684.6091	83.27121
1684.7454	86.526772
1684.8815	90.896164
1685.0177	93.37085
1685.1539	96.04158
1685.2902	99.110466
1685.4263	99.298172
1685.5625	99.206581
1685.6987	98.421127
1685.835	100.99804
1685.9711	103.50922
1686.1073	102.63164
1686.2435	95.340584
1686.3798	87.945602
1686.516	82.149704
1686.6521	78.34919
1686.7883	74.960976
1686.9246	75.90184
1687.0608	85.314011
1687.1969	95.359261
1687.3331	101.6153
1687.4694	99.855423
1687.6056	98.041985
1687.7417	96.934631
1687.8779	96.648422
1688.0142	94.418983
1688.1504	89.985542
1688.2866	89.340858
1688.4227	90.045074
1688.559	92.034889
1688.6952	92.617142
1688.8314	93.684402
1688.9675	96.801529
1689.1038	98.630638
1689.24	99.672935
1689.3762	96.618759
1689.5125	91.451973
1689.6486	86.830063
1689.7848	83.33313
1689.921	79.518234
1690.0573	75.611748
1690.1934	73.97998
1690.3296	76.76622
1690.4658	79.67202
1690.6021	83.237312
1690.7382	85.524582
1690.8744	87.303909
1691.0106	87.369522
1691.1469	90.982826
1691.2831	95.61644
1691.4192	100.80111
1691.5554	102.39355
1691.6917	103.67382
1691.8279	104.27555
1691.964	103.68893
1692.1002	101.51485
1692.2365	97.981018
1692.3727	96.51812
1692.5089	96.65329
1692.645	98.282776
1692.7813	100.56486
1692.9175	102.82267
1693.0537	105.32293
1693.1898	105.02128
1693.326	103.60004
1693.4623	102.36224
1693.5985	101.36543
1693.7346	100.90006
1693.8708	99.76075
1694.0071	100.49619
1694.1433	101.57195
1694.2795	100.33738
1694.4156	97.590584
1694.5519	95.704964
1694.6881	96.767311
1694.8243	99.7612
1694.9604	102.36732
1695.0967	103.84073
1695.2329	101.9506
1695.3691	98.840294
1695.5054	91.77887
1695.6415	85.578011
1695.7777	80.114388
1695.9139	77.522217
1696.0502	74.33757
1696.1863	71.075455
1696.3225	73.896935
1696.4587	79.487091
1696.595	84.824791
1696.7311	84.279861
1696.8673	83.426895
1697.0035	82.494827
1697.1398	84.329559
1697.276	86.454353
1697.4121	90.836861
1697.5483	96.420906
1697.6846	101.02031
1697.8208	103.50182
1697.9569	101.84847
1698.0931	99.288773
1698.2294	96.18531
1698.3656	94.749367
1698.5018	94.732643
1698.6379	96.680573
1698.7742	101.40668
1698.9104	107.00318
1699.0466	111.8643
1699.1827	114.77309
1699.319	115.70439
1699.4552	115.70506
1699.5914	111.51669
1699.7275	106.64379
1699.8638	103.31283
1700	101.1389
